-0.0000896507424685
-0.0000914689881305
-0.0000931212363032
-0.0000950100448380
-0.0000968316467016
-0.0000984044054220
-0.0001000872758922
-0.0001015413159409
-0.0001029144948018
-0.0001039371857418
-0.0001052528648598
-0.0001058178379100
-0.0001067041442618
-0.0001070460673768
-0.0001071531675581
-0.0001069773078322
-0.0001062181106197
-0.0001054575196024
-0.0001041979534433
-0.0001023339152431
-0.0000999717141806
-0.0000969848482110
-0.0000935696643813
-0.0000895280158957
-0.0000845571185101
-0.0000788899915924
-0.0000726479638100
-0.0000651108054917
-0.0000563929680305
-0.0000471058701330
-0.0000363976998271
-0.0000244577356114
-0.0000114665519533
0.0000034511209782
0.0000198363170465
0.0000375815610342
0.0000575435479894
0.0000794542823142
0.0001031984872782
0.0001296532676092
0.0001584787942347
0.0001896590627353
0.0002239874388959
0.0002613051773483
0.0003021320706778
0.0003460123253887
0.0003941539577118
0.0004463179545013
0.0005026230359889
0.0005641115214089
0.0006302329394503
0.0007022094385173
0.0007798231442506
0.0008639683660895
0.0009548554764606
0.0010531870126080
0.0011591756753339
0.0012737544898309
0.0013975336260158
0.0015311150033264
0.0016752702384331
0.0018308803388837
0.0019983276706598
0.0021794043892796
0.0023742871938121
0.0025847870420332
0.0028114884325419
0.0030557551250999
0.0033192654079000
0.0036030207764421
0.0039088547225422
0.0042383720331904
0.0045934993523409
0.0049757914578112
0.0053875731316081
0.0058308415983652
0.0063081591497430
0.0068217017166300
0.0073741799000511
0.0079680576876068
0.0086061487148050
0.0092914184258706
0.0100265607866981
0.0108146582185148
0.0116582467534408
0.0125600186638351
0.0135224023583469
0.0145473949214303
0.0156365734964274
0.0167907605391268
0.0180099941626429
0.0192935505406995
0.0206392014328329
0.0220438272087468
0.0235027809910238
0.0250102398746281
0.0265591802393779
0.0281414097345441
0.0297480977175294
0.0313700022422537
0.0329976649341502
0.0346220636367003
0.0362345512809118
0.0378273303789238
0.0393933572369395
0.0409264701077427
0.0424213631351533
0.0438733664872187
0.0452784879298071
0.0466333833146525
0.0479350952914288
0.0491810399515364
0.0503688847302417
0.0514969019984085
0.0525637747620494
0.0535681507691097
0.0545096458178722
0.0553877021109872
0.0562027509008267
0.0569549286524527
0.0576451493065274
0.0582747231278456
0.0588451680824078
0.0593578917382683
0.0598150273740724
0.0602186225377847
0.0605711047227396
0.0608753144775000
0.0611334741607449
0.0613482518804382
0.0615235236857600
0.0616611625146336
0.0617648301558610
0.0618365538580142
0.0618795392805548
0.0618942453521263
0.0618836146515486
0.0618455673640018
0.0617805899937506
0.0616861350210189
0.0615588533616510
0.0613966026592131
0.0611936533532609
0.0609467884134716
0.0606524533272228
0.0603067238958968
0.0599068204165867
0.0594521382475232
0.0589421093311271
0.0583766972103546
0.0577566428831017
0.0570864576264530
0.0563694653918514
0.0556075913533254
0.0548088344600955
0.0539764609359340
0.0531159448637804
0.0522350774787661
0.0513380870859007
0.0504293813200265
0.0495155210103823
0.0486038818158965
0.0476951481232296
0.0467962730138513
0.0459107232378108
0.0450426695323506
0.0441933224287727
0.0433669228206563
0.0425644822672930
0.0417878182829429
0.0410393000313180
0.0403174677278640
0.0396225132139448
0.0389573973916085
0.0383204633008282
0.0377149329102709
0.0371353873834204
0.0365795503631206
0.0360529992884632
0.0355518003515187
0.0350751411451359
0.0346165114060288
0.0341850358376670
0.0337681820158992
0.0333782482731468
0.0330071152955922
0.0326504002750320
0.0323126042104649
0.0319872170031511
0.0316756651607478
0.0313799512575406
0.0310953837487632
0.0308235870026219
0.0305607364299643
0.0303117297788186
0.0300706715191237
0.0298388200336428
0.0296176903543779
0.0293954682992064
0.0291861064685584
0.0289871505334332
0.0287927712631913
0.0286028420432235
0.0284162229612296
0.0282372967884239
0.0280692413312353
0.0278990467408988
0.0277397271571519
0.0275770155019084
0.0274253371153451
0.0272689976132292
0.0271253886364704
0.0269808780940656
0.0268390346973825
0.0266989075209082
0.0265688507180327
0.0264359437628944
0.0263155307077932
0.0261893692012601
0.0260611506201911
0.0259392982959724
0.0258262095711940
0.0257068839893736
0.0255958960315860
0.0254819121328528
0.0253771847415294
0.0252714752754964
0.0251693526055099
0.0250604118753140
0.0249778643802193
0.0248634066133722
0.0247713098943712
0.0246818153982432
0.0245854255421437
0.0244987957630021
0.0244112759345679
0.0243283833018272
0.0242323193639567
0.0241659057678178
0.0240709285741499
0.0239829224520014
0.0239076714111222
0.0238400607434839
0.0237760665949720
0.0236934432250514
0.0236092585579409
0.0235485522255975
0.0234809869557490
0.0234118314754443
0.0233495019206586
0.0232727614867827
0.0232263658046878
0.0231604869016630
0.0230896653440489
0.0230338166939541
0.0229687317142011
0.0229163352420090
0.0228663191331426
0.0228186298579073
0.0227402326143612
0.0226974433419472
0.0226427087414234
0.0226094311434242
0.0225467445768596
0.0224897489995380
0.0224487296771009
0.0224030801501182
0.0223544340271389
0.0223191466195301
0.0222623380330787
0.0222288713661681
0.0221705014660741
0.0221511843789931
0.0221093381693879
0.0220495625379153
0.0220197186120452
0.0219958994541457
0.0219598922628462
0.0219261970430927
0.0218865626218300
0.0218257184967898
0.0218052817053921
0.0217701265856751
0.0217473991728658
0.0217057645830317
0.0216916266048829
0.0216443972251994
0.0215986252574725
0.0215918095297354
0.0215907114460845
0.0215296454318875
0.0215094559848061
0.0214747243694021
0.0214647468978654
0.0214340721832178
0.0214039757920282
0.0213921340689286
0.0213551780108040
0.0213289916415100
0.0213086503940838
0.0212964084032121
0.0212573991489631
0.0212286940485921
0.0212254456310535
0.0212056364779697
0.0212014329531942
0.0211675271878368
0.0211780313268729
0.0211530793966021
0.0211113494258690
0.0211048433532297
0.0210859440983012
0.0210713576490260
0.0210305191585145
0.0210290345593337
0.0210392716877895
0.0210208911993402
0.0210074234753938
0.0210143775819627
0.0209817470602821
0.0209283674625233
0.0209490169796092
0.0209446962136202
0.0209071550020777
0.0208982046649551
0.0208878223338013
0.0208443351341663
0.0208707899309625
0.0208938993678001
0.0209055120062103
0.0208421492929055
0.0208281836740466
0.0208456835499783
0.0208453808263060
0.0208160120334944
0.0208190264736476
0.0208092694291132
0.0208088875171133
0.0207275789469128
0.0207989301586123
0.0208054209362348
0.0207470063829474
0.0207623526066614
0.0207433758090598
0.0207514343211236
0.0207443560638274
0.0207542015812633
0.0207716784627742
0.0206907195147260
0.0207201798503427
0.0207590658662193
0.0207208514296636
0.0206582179711389
0.0207590658002409
0.0207119797518969
0.0206995900223978
0.0207198003902583
0.0207682705876438
0.0207409987329608
0.0207108650324412
0.0206883449647945
0.0206643380955829
0.0206671863667831
0.0207193460952429
0.0206903410185256
0.0207514177776131
0.0206955610056093
0.0207227092598255
0.0207180108933848
0.0206519138305456
0.0207325584778675
0.0207143414043730
0.0207486322084269
0.0206738292046883
0.0207493983221054
0.0207080334558568
0.0207454798054754
0.0207310908666552
0.0208032688688530
0.0207136735230498
0.0207412149960149
0.0207601189886434
0.0207443741494451
0.0207339794142883
0.0208203297692682
0.0207490194913814
0.0207422659469862
0.0207941749387414
0.0207885989829663
0.0207431354650596
0.0207770794984350
0.0206774725845237
0.0207052209156732
0.0207322673253107
0.0207484235245498
0.0207827309427115
0.0208814689264196
0.0207741230038311
0.0207737311820512
0.0207684144335475
0.0207514639561066
0.0208277473742044
0.0207775664634411
0.0209260765756494
0.0207970851325931
0.0209100697122990
0.0208479334973255
0.0207780782008403
0.0209477791782655
0.0208201572845434
0.0209276850559058
0.0208920527238784
0.0209802360504981
0.0208577356989214
0.0209693380021887
0.0209177888082450
0.0209593989863403
0.0209560355630286
0.0208314155048776
0.0209234737434938
0.0209100645405143
0.0210245365911437
0.0209917335998429
0.0208937286328760
0.0210182907234155
0.0210544109149345
0.0209714305418729
0.0210123458753772
0.0211434306200368
0.0210927536127560
0.0209812137819339
0.0210401507227273
0.0210490898425390
0.0210559043934325
0.0211123815638877
0.0209821212596953
0.0210948868676786
0.0210816988408460
0.0211799123884862
0.0212067162924755
0.0210785300973660
0.0212178509566457
0.0210383454384362
0.0211156283538437
0.0212066965220924
0.0213183743514293
0.0212683793348165
0.0211923721676219
0.0214250480500969
0.0213134518271544
0.0212436070365643
0.0213206027899592
0.0212949766359676
0.0213513566210206
0.0213599046640440
0.0212191256297363
0.0211730592183855
0.0212169440843885
0.0213964954694831
0.0213917761030761
0.0213882782578058
0.0213899894848944
0.0212708993595725
0.0215601940086074
0.0214664433598645
0.0214684808668002
0.0214219864165823
0.0213179866681910
0.0214816985150291
0.0215156960987431
0.0214879050577577
0.0213777423917496
0.0216938634920121
0.0215285364326110
0.0215536099157806
0.0214152667491533
0.0215848101653395
0.0216141791202132
0.0214774615602363
0.0215857115613362
0.0217795465202875
0.0216458802525597
0.0215266054661696
0.0218378093618713
0.0215979406567669
0.0217502478296437
0.0216923996575292
0.0217245810105868
0.0216646737911902
0.0218279403638361
0.0217626000684785
0.0216048125087979
0.0218180944930632
0.0219044165620746
0.0218036180635675
0.0218536290241280
0.0218166472485128
0.0217795523150958
0.0217591728379589
0.0217476259096919
0.0217937128587228
0.0219285673676454
0.0220053569859979
0.0216558247906775
0.0219056211550043
0.0219183257503878
0.0219286904426820
0.0221232384878271
0.0220181305266946
0.0219703766959832
0.0220839188844353
0.0219893875053726
0.0219558205112264
0.0218406327882468
0.0220389129865774
0.0221066686028468
0.0219971655210936
0.0221353585091272
0.0220772618187987
0.0222820080960550
0.0219544605591987
0.0219253161098604
0.0221725744677646
0.0221487426687251
0.0225176934069878
0.0221281432079672
0.0220415164060584
0.0222545195184060
0.0221202988832946
0.0224476280717657
0.0224440348524540
0.0223711132378162
0.0227066188364909
0.0224292286972849
0.0222160163798972
0.0225697318524656
0.0225988025787964
0.0223248385056742
0.0224812047741109
0.0224625057145456
0.0223362671673454
0.0226222593527602
0.0224214855776663
0.0225092790964360
0.0222025484950506
0.0224452992044643
0.0226210384804466
0.0223295366569520
0.0226920588324204
0.0228414240348524
0.0224007986694425
0.0225956012397085
0.0223949321470524
0.0226185718641161
0.0225678745128399
0.0224635852937151
0.0228859355447279
0.0225864508641399
0.0223804702150967
0.0230402049769206
0.0231471133602686
0.0230331977929148
0.0227234262625612
0.0231963083500297
0.0228868251274012
0.0230402722785864
0.0228676036495175
0.0228212628248222
0.0231767912561529
0.0231943806618861
0.0227851981851019
0.0229381644021113
0.0230364907428493
0.0229562615922948
0.0232655445846746
0.0231397956859758
0.0230839459438667
0.0233571696283330
0.0228264974935671
0.0234465735214069
0.0232377950513639
0.0227957673022593
0.0231100069706579
0.0232413876522675
0.0232053847488287
0.0231792891936193
0.0233306386092361
0.0233511756021644
0.0234454149140707
0.0229845982843410
0.0230043942705956
0.0230165567270919
0.0233953899716794
0.0232536104017045
0.0237825562212859
0.0232461957744032
0.0232270194280413
0.0236435321015183
0.0233113102578476
0.0236522471233003
0.0235639305518041
0.0234080285953173
0.0234462938294063
0.0234682249957932
0.0231057347516000
0.0230822248985863
0.0235789644047380
0.0236972522618058
0.0236824475900395
0.0238999360105515
0.0236354418586378
0.0236937207772274
0.0238042076549362
0.0232780802219352
0.0238431493392121
0.0235334771572767
0.0236167222100473
0.0237735979596629
0.0238033871007187
0.0236745962214850
0.0236531151596472
0.0234462103439445
0.0236477116520160
0.0242263378085432
0.0236860699162483
0.0234542361315152
0.0237034161768661
0.0240259894410224
0.0241475186941786
0.0239998737482218
0.0233943506467333
0.0239688189176954
0.0241278964440593
0.0240774709311290
0.0238002173951819
0.0242192749809947
0.0238449160465390
0.0238923429252202
0.0237150171784775
0.0244739313197848
0.0238737549939036
0.0245932487148365
0.0239012397986274
0.0240540070287086
0.0237610255706329
0.0243030803844940
0.0240852132586868
0.0237863782543234
0.0246237199714974
0.0248479528495289
0.0242483322021749
0.0245355205215163
0.0245860542843389
0.0243616096053069
0.0247702969272846
0.0243506099142936
0.0245877820979612
0.0246006888040216
0.0237623865016830
0.0242593058951384
0.0248115458596180
0.0243524566388765
0.0246163218770437
0.0246441159574117
0.0253906877675151
0.0251408274609518
0.0245672731788967
0.0240089411992328
0.0249720455418175
0.0244715235232585
0.0247862775014099
0.0253353517942758
0.0245613966180208
0.0250105280198479
0.0247059203777166
0.0249365354757487
0.0239208211599192
0.0242028630784315
0.0255587593754506
0.0250262124863895
0.0244670241968826
0.0252278357610726
0.0245072641471444
0.0244753777898952
0.0250912834285364
0.0244152607215858
0.0247990526522292
0.0257800215656099
0.0249626080365859
0.0252437834189748
0.0252321901265256
0.0246001257111360
0.0247252439846785
0.0253592979560463
0.0257465629453553
0.0237766102429066
0.0250984946807550
0.0249069252842164
0.0257870480774165
0.0256008487463502
0.0243398064971938
0.0252203730764828
0.0246249884633549
0.0251886547548807
0.0262330354317801
0.0251929415028600
0.0244251400828861
0.0247877707789211
0.0250129498851600
0.0249453699818027
0.0254313108708369
0.0257378653422968
0.0259450446955339
0.0252134921860654
0.0250665965924894
0.0258660476293589
0.0256125465708648
0.0249535678379569
0.0258785731151504
0.0254514908348323
0.0254195845526446
0.0252044688711478
0.0250926516886537
0.0251217950373161
0.0251055525053214
0.0255404705540856
0.0254172613988358
0.0251491311150757
0.0258762415699772
0.0265996279048740
0.0252263810667346
0.0249386471944337
0.0258250831545078
0.0262098534087238
0.0264210749971344
0.0254423339437955
0.0259530581735554
0.0264366402032634
0.0262034504370826
0.0254372563155741
0.0260414152464180
0.0244518521083609
0.0258901104290694
0.0267070702124427
0.0266578405250620
0.0251729450796269
0.0262500454867125
0.0256936459435901
0.0258144903947899
0.0269140904179622
0.0253675559171482
0.0265380956191425
0.0264450374680556
0.0270584253309601
0.0257929719585978
0.0269405739874524
0.0271167114572651
0.0268758139525785
0.0275494049523053
0.0265502545910707
0.0269459442510612
0.0267781483548100
0.0271872755082878
0.0274848529687324
0.0249961858350619
0.0274350246887465
0.0262936413939362
0.0257009950512693
0.0272688572017809
0.0258703631810588
0.0265860804243057
