-0.0000895308730758
-0.0000915384957552
-0.0000929938039464
-0.0000950781726242
-0.0000964028066331
-0.0000981084944746
-0.0000998259134887
-0.0001013924049396
-0.0001026502781233
-0.0001032219079582
-0.0001047218829727
-0.0001054679387242
-0.0001060660722048
-0.0001066260528552
-0.0001065708752604
-0.0001063000689944
-0.0001057838006502
-0.0001048868376363
-0.0001032408440202
-0.0001016659024051
-0.0000992067998099
-0.0000963798185766
-0.0000930764970000
-0.0000886140656624
-0.0000839023359451
-0.0000782089196553
-0.0000715881054797
-0.0000640870718926
-0.0000559106700990
-0.0000463240049864
-0.0000356271934396
-0.0000237144787321
-0.0000103739410573
0.0000046405659442
0.0000205775757854
0.0000388728093794
0.0000587231892347
0.0000805284968456
0.0001044625874866
0.0001308899959449
0.0001596626776836
0.0001913781440437
0.0002252659980239
0.0002627135672086
0.0003033744479148
0.0003478630661892
0.0003955817755902
0.0004477707589873
0.0005043550943330
0.0005656364658414
0.0006320164407019
0.0007037715258972
0.0007815624648136
0.0008657257675689
0.0009566857875318
0.0010549713879980
0.0011611958620148
0.0012757841705553
0.0013994584873285
0.0015330783406088
0.0016771512756181
0.0018326253824531
0.0020005568124954
0.0021812878935826
0.0023764748163132
0.0025866202914627
0.0028132632644254
0.0030574841153287
0.0033208375370128
0.0036047830266106
0.0039106113589497
0.0042401263318029
0.0045950943195765
0.0049772729082938
0.0053889703576935
0.0058323383975563
0.0063093873105217
0.0068227089761737
0.0073749439558996
0.0079687800574593
0.0086066827902920
0.0092918004042418
0.0100268889618280
0.0108146738125075
0.0116579759225338
0.0125595832690531
0.0135217693543458
0.0145466325081819
0.0156355579760887
0.0167895065850904
0.0180085537929658
0.0192918834545523
0.0206373221280227
0.0220417243078333
0.0235005769895379
0.0250079196396116
0.0265566548734567
0.0281387580785635
0.0297454055183500
0.0313672437450615
0.0329949414801587
0.0346193069284515
0.0362318691711614
0.0378247778725608
0.0393909622864538
0.0409242253686656
0.0424193244421069
0.0438715261326948
0.0452769683437694
0.0466321261736281
0.0479339323557135
0.0491800288578029
0.0503681283341828
0.0514962568582912
0.0525630263613293
0.0535674082330029
0.0545086224521652
0.0553863575790572
0.0562005092668688
0.0569518910893280
0.0576411649579356
0.0582692730984936
0.0588376975550213
0.0593485117457851
0.0598035207166042
0.0602047434299598
0.0605551408920433
0.0608558844246947
0.0611109145143051
0.0613231362543068
0.0614947325745261
0.0616291544669183
0.0617295800279245
0.0617985438002495
0.0618385819677299
0.0618517139589905
0.0618382561991266
0.0617991293923161
0.0617328840051071
0.0616380400731286
0.0615127320112255
0.0613505966916645
0.0611491231223945
0.0609055334415334
0.0606140495580291
0.0602722710677337
0.0598766204710092
0.0594269871418103
0.0589213279894679
0.0583605496846480
0.0577466683529867
0.0570818195495391
0.0563687738079237
0.0556136147695965
0.0548202592957366
0.0539931713694918
0.0531402018694059
0.0522614582280201
0.0513660103127662
0.0504623869136975
0.0495528600478700
0.0486421514018148
0.0477374814777086
0.0468409148154499
0.0459563262883306
0.0450915303626356
0.0442406334936103
0.0434122213036432
0.0426137769003891
0.0418367273235361
0.0410836671992403
0.0403608658385310
0.0396678115142139
0.0390019577229930
0.0383680708181724
0.0377562179470164
0.0371747048007546
0.0366196182193329
0.0360874200919778
0.0355833309488337
0.0351055191609218
0.0346512541677521
0.0342131820454413
0.0338033401789811
0.0334098143356081
0.0330286757931154
0.0326755609548221
0.0323281037373882
0.0320070176872597
0.0316928215175425
0.0313910547070551
0.0311069373304468
0.0308360057808146
0.0305727837396660
0.0303197560549764
0.0300777696438426
0.0298461581838812
0.0296215385819266
0.0294028453175856
0.0291961278882186
0.0289931188540494
0.0287967449493677
0.0286090565148983
0.0284199739383748
0.0282469022587410
0.0280697702977452
0.0278987746852443
0.0277358060786825
0.0275755421679347
0.0274188906615752
0.0272735824508334
0.0271194051598648
0.0269733370392040
0.0268410323414876
0.0266961753468432
0.0265676874468428
0.0264338718605201
0.0262976528662574
0.0261810491834584
0.0260583781395149
0.0259331355998198
0.0258127059008446
0.0257040378511879
0.0256011616684140
0.0254828699325741
0.0253718997463716
0.0252699821594424
0.0251541466065382
0.0250656436148016
0.0249549219380504
0.0248739396105219
0.0247705442779406
0.0246708642730247
0.0245883826258375
0.0245030746805594
0.0244100045679648
0.0243123764902097
0.0242325765841778
0.0241507431197010
0.0240717162157238
0.0240019683197590
0.0239157177943262
0.0238256985369591
0.0237494907584089
0.0236790825448467
0.0236141749500941
0.0235490463757155
0.0234767179153502
0.0234056140073421
0.0233417061018804
0.0232777727531414
0.0232255213603322
0.0231471790521256
0.0230933824982666
0.0230272586876882
0.0229878683838308
0.0229199452198037
0.0228651409411332
0.0228034881664543
0.0227311067060301
0.0227020276957762
0.0226456997488846
0.0225892186186809
0.0225258434285485
0.0224960789070749
0.0224507455569118
0.0224077316867778
0.0223488317757600
0.0223053548692261
0.0222546574803808
0.0222107983101493
0.0221760174276585
0.0221423384089863
0.0220947178792858
0.0220543197610062
0.0220095610221807
0.0219734561114379
0.0219222547737874
0.0219049084688704
0.0219008281487860
0.0218574385204730
0.0218068760863881
0.0217502971310831
0.0217501035697370
0.0217218842417520
0.0216895264692418
0.0216718673442352
0.0216280213575655
0.0215858923401040
0.0215569940218286
0.0215304812494636
0.0214862828112021
0.0214776621583370
0.0214546005150894
0.0214272598334890
0.0213731005246465
0.0213885167487436
0.0213617901235699
0.0213146138535916
0.0213132911152940
0.0212796984410906
0.0212576527028222
0.0212574241263445
0.0212093942505117
0.0212028778881595
0.0211916353766866
0.0211515863491689
0.0211780603113079
0.0211154922741231
0.0211676799264018
0.0211159003524819
0.0210822076411581
0.0210825918468644
0.0210766058211909
0.0210393582654594
0.0210374114284783
0.0210069475126463
0.0209971934183657
0.0209692926365764
0.0209566064539874
0.0209687923226765
0.0209033622013968
0.0209061488517640
0.0208777009541705
0.0209220801054215
0.0209018289056982
0.0208791037599363
0.0209093268461357
0.0208363736828710
0.0208430770174953
0.0207906695263187
0.0208490984562808
0.0208048468055381
0.0208582735030598
0.0208360241179149
0.0208259715389920
0.0207888851166349
0.0207898235691632
0.0208087853854843
0.0208090886118931
0.0207834927323532
0.0207799742964335
0.0207785528364667
0.0207532090997654
0.0207646783843909
0.0206921193142299
0.0207379463137147
0.0207081378461582
0.0207339536832781
0.0207306971895276
0.0207052663365082
0.0207421610791372
0.0207336640747923
0.0206576823220350
0.0206569517155305
0.0206753792038051
0.0207112333411080
0.0206699076468860
0.0206673258060264
0.0207225043708065
0.0207204310368577
0.0206761398568720
0.0207574557773479
0.0206861767619807
0.0207434284642387
0.0207624949011978
0.0206796789012400
0.0207154871494827
0.0206769807877827
0.0206815118593430
0.0206712188672911
0.0207014340182556
0.0207131667088452
0.0208190644903067
0.0207075200623081
0.0208162117277918
0.0207212216318125
0.0207723574806484
0.0206967130629360
0.0208205854155098
0.0207485299521158
0.0207536994591699
0.0207523839199694
0.0206851962529739
0.0207780504217026
0.0207488631939297
0.0206792610387031
0.0207175062558936
0.0207451259266302
0.0207793668464469
0.0207094163749030
0.0208317441560684
0.0207745322644207
0.0208510411433801
0.0207880950603917
0.0208653270201288
0.0207861035519765
0.0207802457749251
0.0207882936715513
0.0208496337758998
0.0208774761897722
0.0208861314949661
0.0208999260946537
0.0208396707221210
0.0209656511332753
0.0208498274937438
0.0208318192505278
0.0209105766584353
0.0208327256845843
0.0208594306903931
0.0208834064104623
0.0209782832897253
0.0209528085691661
0.0208963217600637
0.0208364096967224
0.0209412510871316
0.0209136205705571
0.0210122562150733
0.0208543381112719
0.0208453553785661
0.0209761274952555
0.0208474146121019
0.0208552220338984
0.0209545623138808
0.0210152707454040
0.0209862365077011
0.0210180275150400
0.0210342583392335
0.0210112888425081
0.0210719914466756
0.0212171505780342
0.0210247815940258
0.0211993812611228
0.0210931846937794
0.0210996428747763
0.0210674026923511
0.0210903643059673
0.0210858500683050
0.0212378382338706
0.0211402209580343
0.0211632651415382
0.0211486240462749
0.0212076861448384
0.0213115129864139
0.0210753748934323
0.0211433138793018
0.0213475767684314
0.0213208846397053
0.0210724681007794
0.0210757034183679
0.0211561173594988
0.0211307904890046
0.0214178985877268
0.0210367360935109
0.0213924058262951
0.0212539355992309
0.0214758225990351
0.0210547710430720
0.0212510665499808
0.0213139604305912
0.0215267608177858
0.0214631757701278
0.0215522974275074
0.0213280091955467
0.0214229199813698
0.0213960177139683
0.0213819078333080
0.0214616664688878
0.0216557759607875
0.0215703649527584
0.0216113150533278
0.0213845164065566
0.0213667359331445
0.0215100388814821
0.0213444716632755
0.0216066377765638
0.0216187180840924
0.0215071985400402
0.0214787222451671
0.0214023227358259
0.0214140403628241
0.0215727163318233
0.0218568316575519
0.0217361526120798
0.0214988128793300
0.0216350985651818
0.0216069480289507
0.0220586524424597
0.0219457710362671
0.0219883901909246
0.0218488036178457
0.0218242048102486
0.0218257435679658
0.0217548473325479
0.0218281904688042
0.0218812865609051
0.0217356178293819
0.0218688210181521
0.0219950766306624
0.0219073671998263
0.0220366698387794
0.0217667170507660
0.0218555522127663
0.0219495523762584
0.0217948064746608
0.0216813686806519
0.0218950678613341
0.0220435556838372
0.0216599029155154
0.0219081665593976
0.0218402576316787
0.0221634011502278
0.0220156523546475
0.0220424592708925
0.0222806798942795
0.0219201725677359
0.0224281523577837
0.0220104004711161
0.0220163619179311
0.0223116925944185
0.0222727956591082
0.0221252771943335
0.0223075451143431
0.0223195079219599
0.0220198674391343
0.0220805714858268
0.0228153702203046
0.0220114747053317
0.0224823832661783
0.0219874781474723
0.0221038101617476
0.0219426566489635
0.0220146398357339
0.0224728334999896
0.0226734281895817
0.0219283217066654
0.0225997257957165
0.0223813603553643
0.0221459259829240
0.0224344564110096
0.0225227863401249
0.0222379653787980
0.0226045225866259
0.0230844357079112
0.0223111956492969
0.0226872494013909
0.0220460170454921
0.0226746217109149
0.0231171119196827
0.0224787295067624
0.0228798104261453
0.0227130076435514
0.0230121836317813
0.0228632154216395
0.0225592519886862
0.0229177601873863
0.0228893540674852
0.0222941338239765
0.0234224191186632
0.0219481314747413
0.0226186883851379
0.0227244892774692
0.0228096938616154
0.0226364666101376
0.0229578923901925
0.0228068220752216
0.0226309618121090
0.0227919572988836
0.0227004999352250
0.0227219088661256
0.0231606801173675
0.0234352314815939
0.0230700329003784
0.0235908750219886
0.0228235042484218
0.0229519232682888
0.0229826595532378
0.0237114839647100
0.0230382732991100
0.0231414670542536
0.0232848024207514
0.0230146483160859
0.0234652769461816
0.0231870858710568
0.0236969648211904
0.0227459114683331
0.0229932203184817
0.0230559666375540
0.0231461046928028
0.0232236066779971
0.0235860192052692
0.0229571230995531
0.0230656915622121
0.0236030698683100
0.0231960464677372
0.0233107457244182
0.0230808782852319
0.0226321084885452
0.0232696280964690
0.0230304928443044
0.0228294179531216
0.0231706145005755
0.0234541686183718
0.0238822064550276
0.0237150299438958
0.0234622191572954
0.0233307657372560
0.0239346418407697
0.0232189619431905
0.0236058293676045
0.0231396643449991
0.0238035622030709
0.0236215184745211
0.0239922204968670
0.0237660933770877
0.0238280321780990
0.0239262935009418
0.0238096549118344
0.0233351977623058
0.0238197345570146
0.0233660539199953
0.0240846637326295
0.0238714317334019
0.0236065906486481
0.0236593538710976
0.0236467417839508
0.0239050217164080
0.0243575555026427
0.0240435517469891
0.0231841568455881
0.0239874538616306
0.0241413388494924
0.0239082577627208
0.0239883666144455
0.0238360314058648
0.0234301300465147
0.0248201704971456
0.0232023893825493
0.0241351892182620
0.0240770122749754
0.0234672640409833
0.0238870042397876
0.0246823036409453
0.0247664946156318
0.0245940826019821
0.0249049423778312
0.0241757557221856
0.0241500338246325
0.0235025402485164
0.0241846870547797
0.0246154588320532
0.0238180283019633
0.0250007854765692
0.0245213480725110
0.0249807037646899
0.0235405767750673
0.0241447282514412
0.0245860732976170
0.0249921571633038
0.0249418267490759
0.0243686604300440
0.0250907854267520
0.0242484856930333
0.0246409014095810
0.0235847463266914
0.0240404022880817
0.0248691467574470
0.0249813186454089
0.0242775239768286
0.0246714869829913
0.0252163326407911
0.0245745505995032
0.0257919115939791
0.0234906464628538
0.0252514238621960
0.0257506219414371
0.0251956297998974
0.0248803361538656
0.0243162124902703
0.0252627703794742
0.0252526955577020
0.0252320506007771
0.0238861248957005
0.0241104680351738
0.0259614351086280
0.0253519312451324
0.0258150373395132
0.0250688403471680
0.0256257424070019
0.0254680511320017
0.0250012902438874
0.0252124596549771
0.0256097990507000
0.0246383425766005
0.0249221603227050
0.0255973295208830
0.0252158900104777
0.0249529099050909
0.0253963117325136
0.0245057623300501
0.0255749351218584
0.0252281760708223
0.0255554449014951
0.0264358193198150
0.0249120966107985
0.0252339731936366
0.0252041482028257
0.0254403906945593
0.0257390204834430
0.0257206344080482
0.0245656905448625
0.0247835357474100
0.0249144831396072
0.0263742447786169
0.0248602834914581
0.0251226394247786
0.0256257554681032
0.0249353409239722
0.0254964401474451
0.0253476100416515
0.0253433074912005
0.0264157844918520
0.0254459786895771
0.0257203753853668
0.0258700633616851
0.0255982557486260
0.0260353039911542
0.0264944917823213
0.0257581891513886
0.0253427383131306
0.0268808295870252
0.0256709018033139
0.0260206486817933
0.0251547015947652
0.0255407281362861
0.0259959602873641
0.0263364448205931
0.0250423605226811
0.0257993937421427
0.0266844779907540
0.0263728712421718
0.0261130393254472
0.0267585735841424
0.0263242422363641
0.0256200501877856
0.0278774700055181
0.0258399232247598
0.0257576853392066
0.0257791271172325
0.0252963870062718
0.0271338777038709
0.0252496484961508
0.0257958347798443
0.0256322520414852
0.0262542262508999
0.0257075197051672
0.0259491253942395
0.0249422420703944
0.0260208974693301
0.0261709511880272
0.0267537378327389
0.0243825127152000
0.0257238125966873
0.0268827609404577
0.0257823080836171
0.0255277413116086
0.0258832911366257
0.0271543098987021
0.0267355361798494
0.0280882425982710
0.0250706780197704
