-0.0000899281358986
-0.0000917789179465
-0.0000935158891489
-0.0000952932880221
-0.0000970049585458
-0.0000986989410620
-0.0001003473446587
-0.0001019527139980
-0.0001031871178733
-0.0001042794572206
-0.0001055526366676
-0.0001062277147533
-0.0001069274142506
-0.0001072785560915
-0.0001074494415082
-0.0001070963427745
-0.0001067119934571
-0.0001056499437119
-0.0001044481373292
-0.0001027339784534
-0.0001002486507513
-0.0000973082538079
-0.0000939738759102
-0.0000899823203338
-0.0000849623974405
-0.0000792306680934
-0.0000728807772580
-0.0000654856246509
-0.0000572137224825
-0.0000478701089299
-0.0000367828340484
-0.0000253197601917
-0.0000118100710701
0.0000028493329283
0.0000189821154412
0.0000371468403931
0.0000569272012053
0.0000788971342045
0.0001028128405773
0.0001289775547795
0.0001578039880540
0.0001890992932465
0.0002235560724041
0.0002606164246370
0.0003013391472827
0.0003454013926061
0.0003933234228413
0.0004455306333164
0.0005019198472122
0.0005631605655483
0.0006293927193711
0.0007012429588417
0.0007790217971666
0.0008631129571723
0.0009539310235154
0.0010522977422192
0.0011584642876461
0.0012730157550877
0.0013967718342439
0.0015302499676595
0.0016745246782066
0.0018298732764138
0.0019975712788464
0.0021785548942906
0.0023736910154510
0.0025838165750936
0.0028105833725459
0.0030549498837800
0.0033184296395505
0.0036023414755735
0.0039082178861122
0.0042377991113067
0.0045927529649522
0.0049751345818294
0.0053869340345940
0.0058304222598300
0.0063076364695120
0.0068212683964161
0.0073737644357931
0.0079677379899590
0.0086059047917145
0.0092913196851116
0.0100265731519332
0.0108146674986415
0.0116582806289845
0.0125601411025891
0.0135226744117685
0.0145477895756337
0.0156369849418424
0.0167912672147955
0.0180106220196886
0.0192942373515974
0.0206400364656372
0.0220447440515428
0.0235037615901968
0.0250113304889251
0.0265602991664834
0.0281425668341384
0.0297493070614651
0.0313711802018003
0.0329988900948792
0.0346232512544063
0.0362357469147465
0.0378284500442885
0.0393944200371887
0.0409274813991572
0.0424222230030465
0.0438741425139535
0.0452792105304889
0.0466339953252767
0.0479356340983025
0.0491812962467485
0.0503692142380098
0.0514971891316284
0.0525640008855728
0.0535685225896983
0.0545100577993341
0.0553884004031106
0.0562036720766239
0.0569562870045464
0.0576469485512494
0.0582773143274311
0.0588482990128142
0.0593617965539489
0.0598199622019936
0.0602248508779447
0.0605784817313904
0.0608839830157106
0.0611432280150751
0.0613601454698886
0.0615362599043550
0.0616754821606072
0.0617803976927465
0.0618534651135806
0.0618972708050093
0.0619135180316203
0.0619030717875722
0.0618660538144636
0.0618012720445414
0.0617062271446924
0.0615797847817494
0.0614166636286346
0.0612130247414407
0.0609654508181355
0.0606693299788071
0.0603221223211778
0.0599200987139057
0.0594643045627841
0.0589503950742312
0.0583828226185585
0.0577615420604595
0.0570886695360698
0.0563683323308040
0.0556061318376654
0.0548036875437482
0.0539692278130215
0.0531074953183823
0.0522232176250728
0.0513237929159847
0.0504136906253411
0.0494991483284024
0.0485856680110845
0.0476760898456669
0.0467770351131785
0.0458900663019105
0.0450213086537174
0.0441725614587203
0.0433451351721948
0.0425427251427205
0.0417669372803085
0.0410162228441861
0.0402974014308624
0.0396039154002697
0.0389388286597242
0.0383050963561795
0.0376956007637420
0.0371167568966417
0.0365635096109635
0.0360389926679307
0.0355343137874816
0.0350557885233238
0.0346044621056574
0.0341701212333216
0.0337637268838204
0.0333697292296201
0.0329963609454744
0.0326399889488551
0.0322976172533416
0.0319743859926062
0.0316680084477001
0.0313717718948538
0.0310905074253564
0.0308182542210874
0.0305552085337050
0.0303081119217691
0.0300670393337781
0.0298369231714644
0.0296111308858067
0.0293944759630118
0.0291847710500319
0.0289844878416513
0.0287915877771696
0.0286053679724298
0.0284162497579842
0.0282404452221205
0.0280726440363993
0.0279015700126191
0.0277352111128627
0.0275795326827007
0.0274216066239505
0.0272701730711666
0.0271245871961200
0.0269864731511480
0.0268409188309407
0.0267074199396190
0.0265674389009383
0.0264382679964675
0.0263040786689744
0.0261891327179015
0.0260648271282668
0.0259422724825241
0.0258295401704952
0.0257137339465917
0.0256032225336192
0.0254878470115107
0.0253823966629357
0.0252708524596723
0.0251695375012800
0.0250687587147027
0.0249624735352119
0.0248701685612390
0.0247787409411753
0.0246784031343621
0.0245927348334909
0.0244978465539705
0.0244036759581068
0.0243202045373233
0.0242426350231081
0.0241495938204082
0.0240829994486914
0.0240030491457899
0.0239220373155840
0.0238417243750588
0.0237654458985549
0.0236980206453446
0.0236265984294148
0.0235663117055925
0.0234903179534483
0.0234096886400478
0.0233646070341055
0.0232818059332969
0.0232071127801066
0.0231431113225114
0.0230965631989646
0.0230250273599753
0.0229835755276682
0.0229225049459788
0.0228570845747109
0.0227901956152720
0.0227626425105131
0.0226907336502511
0.0226441820833923
0.0225856616276059
0.0225477158703315
0.0224785945181636
0.0224497146652594
0.0224118697319588
0.0223706860023281
0.0223067419913384
0.0222820967526414
0.0222306430504565
0.0221938021097966
0.0221463717101627
0.0221237083018520
0.0220494703362305
0.0220253159908676
0.0219987057944750
0.0219333407786324
0.0219291904502439
0.0218794381705811
0.0218534396783186
0.0217858235014605
0.0217804507295536
0.0217412379463044
0.0217010112622269
0.0216951655832537
0.0216408381098857
0.0216132587093484
0.0215854187316766
0.0215549959366838
0.0215501737710734
0.0214951840138233
0.0214955300457669
0.0214438580218375
0.0214202826420401
0.0213843884083845
0.0213699315542554
0.0213605689051125
0.0213659435559532
0.0213001214952068
0.0212712859737430
0.0212763300696257
0.0212390520901212
0.0212302104269393
0.0211963262356370
0.0211672823661722
0.0211520729334673
0.0211473898123747
0.0211339407697743
0.0211211212185133
0.0210923331390878
0.0210679160882438
0.0210703620159016
0.0210448007704357
0.0210290672651396
0.0210290461661704
0.0210131108059574
0.0209755842926128
0.0209625317097352
0.0209874972675174
0.0209586449044179
0.0209412101487326
0.0209035400209815
0.0209594226178483
0.0209367049842527
0.0208953535225831
0.0209131305648424
0.0208487845272479
0.0208744727777334
0.0208122363029183
0.0209061803105360
0.0208317631253576
0.0208174422117519
0.0208343480651546
0.0208459890816854
0.0207831604356764
0.0208296605596371
0.0208172644296857
0.0207838504117809
0.0207762543273711
0.0207685163880771
0.0207905635444907
0.0207835066348346
0.0207544412422551
0.0207559572099769
0.0207005740644958
0.0207585749596673
0.0207348439297010
0.0207597020084606
0.0207582480480056
0.0207309786255506
0.0207350009424415
0.0207734938047127
0.0206945418995323
0.0207059875512108
0.0207171196934121
0.0207009261019477
0.0207247660357196
0.0207152042007653
0.0206993755190766
0.0206997997894826
0.0207138057781010
0.0206836778383144
0.0207197488666227
0.0207803612224580
0.0207441540338815
0.0207433705935824
0.0206837934143779
0.0206976960155717
0.0207216428232077
0.0206899900741916
0.0206315509743648
0.0207522510094627
0.0207201014054951
0.0206770812703456
0.0207274659614784
0.0207047522104841
0.0207037317010909
0.0206723896045029
0.0206458885279876
0.0207711772153592
0.0207852035225568
0.0207144940355100
0.0206926094833575
0.0207858460242278
0.0207924829391829
0.0208220028582975
0.0207412711453350
0.0206924974799519
0.0207366670061778
0.0207615123978482
0.0208465220042337
0.0207819383416903
0.0207760532106032
0.0207259669779141
0.0209000392542904
0.0207691019520440
0.0208843673714165
0.0207309473917482
0.0208009524073302
0.0208534802323776
0.0209224579612874
0.0207666579351302
0.0209484951781887
0.0208699506191208
0.0209073945134210
0.0208116229469970
0.0208819328687168
0.0208857092648535
0.0209751846658754
0.0208452093859645
0.0208268828981195
0.0207695762951433
0.0209556862879382
0.0209006644265979
0.0209789315308286
0.0209196670444824
0.0209152845122875
0.0209050763388798
0.0208690294882252
0.0210111914594874
0.0208875327174142
0.0210466353814042
0.0210660878155213
0.0209946232566243
0.0209391508155645
0.0209884329266391
0.0211087547613596
0.0210123802251624
0.0209060622691697
0.0209530540360935
0.0210617994612649
0.0209379515161549
0.0210187696684091
0.0210238764261124
0.0209647950386468
0.0211569904287943
0.0212347591930333
0.0210792931050623
0.0211095486421182
0.0211257769020108
0.0211420562159158
0.0212613533093841
0.0212383944655411
0.0212532947255687
0.0211264050703164
0.0211252175597613
0.0211391794264681
0.0210787319635645
0.0213012520177029
0.0211767676757809
0.0213259492769047
0.0212816317227320
0.0212653682741744
0.0214371880378253
0.0212540778587329
0.0214507780707487
0.0212746416131215
0.0213004122050280
0.0213687430347770
0.0214130893339337
0.0214476441273875
0.0214777658019716
0.0214072727977995
0.0214811120841630
0.0213757853778013
0.0213385995341089
0.0213990373869875
0.0213185636436255
0.0213674595969897
0.0214809529747675
0.0216391406488600
0.0216203846002443
0.0215490402571999
0.0215616711835053
0.0215614467813773
0.0213629352423914
0.0215023073067242
0.0217955704732649
0.0215919660534664
0.0214345259719249
0.0217539052671907
0.0215979774596308
0.0216432336652162
0.0217168716399301
0.0215833342610818
0.0217850549174680
0.0215665099665204
0.0219303028326239
0.0216488078867049
0.0216854595927841
0.0217410582123214
0.0216203219022289
0.0216893624954220
0.0216681203322022
0.0216552810971268
0.0220005190507046
0.0220203747345286
0.0219629273902094
0.0218605823767639
0.0217827109925782
0.0218424123574850
0.0219631633667377
0.0220336381458497
0.0220311453401200
0.0219801872237729
0.0220825105596802
0.0220022652692690
0.0220795073799597
0.0220395656875823
0.0219434515195071
0.0220916298323174
0.0220313285451404
0.0222384095759904
0.0219661660286714
0.0222256583421897
0.0220926043621035
0.0221113272205744
0.0222553518213021
0.0220744159655333
0.0222264977422116
0.0222975351580540
0.0221970750722914
0.0223531540915527
0.0222402141386299
0.0222608031579906
0.0223240948230172
0.0225113992875249
0.0224233212877507
0.0223424862614537
0.0219762249251337
0.0221979795196162
0.0220294724281688
0.0224021809897030
0.0224837509282954
0.0222218030535545
0.0224294777492593
0.0227948792068158
0.0222725005528569
0.0222973655620321
0.0222082802470664
0.0225833214804524
0.0226199860084610
0.0225613371044748
0.0227237610463811
0.0224818286546941
0.0224676407312699
0.0227588115906837
0.0228342467703131
0.0228611264418333
0.0225621918868585
0.0227923067307988
0.0227606010703242
0.0229336118671439
0.0226083931514537
0.0225804682005102
0.0228168825543145
0.0228933617732465
0.0227500010276079
0.0229612260815353
0.0225367477311079
0.0227161133357977
0.0230634231704051
0.0228099232138921
0.0228635468618476
0.0230895083789710
0.0228882911033822
0.0228491556388901
0.0226613058589480
0.0228586361149225
0.0232599926435326
0.0231310066480335
0.0229526040197749
0.0230339738474729
0.0231724561353579
0.0229034086703476
0.0231981577558316
0.0231453393735394
0.0228854268001748
0.0226417916102577
0.0230247458378808
0.0233865636983619
0.0231468640552154
0.0231983125503579
0.0231087889103903
0.0230001606951711
0.0233552209542392
0.0233527592291831
0.0231181308130632
0.0233097598673433
0.0232389829167107
0.0233040211633083
0.0238723705952689
0.0233239018547573
0.0236373434128744
0.0231928491220123
0.0232228132950259
0.0233885669756891
0.0231216187157457
0.0233391825974099
0.0233745477508647
0.0236314232021210
0.0235726165723116
0.0232572868054617
0.0235972571037605
0.0238397295620410
0.0236157825125230
0.0229740404290188
0.0233932721798484
0.0235397602711684
0.0236185401813144
0.0233886328080757
0.0234070987790735
0.0236163158925678
0.0234869774361715
0.0235514059424817
0.0237265746281061
0.0236645865334708
0.0232442720316810
0.0236875486469806
0.0240244637208461
0.0239429182663686
0.0242007260381472
0.0237716583306781
0.0237174638734870
0.0242236589890895
0.0238363320455712
0.0237307099420278
0.0238049042194235
0.0238957614552015
0.0242203931239777
0.0242497482907537
0.0241873612244960
0.0240404819781224
0.0240585099043452
0.0238671979988153
0.0238455750005935
0.0246984854781742
0.0234933725054711
0.0237392802919131
0.0240223740600898
0.0241174893787353
0.0243400188901416
0.0240174540857338
0.0239092469809821
0.0244621541572180
0.0245957688076273
0.0240511683121724
0.0240981171669338
0.0246906006457666
0.0243687111087914
0.0246557934716850
0.0245356810704414
0.0242099263737602
0.0244981854545054
0.0239759167088553
0.0244424120468123
0.0249696581784074
0.0241273556859910
0.0246285930649937
0.0246802774111428
0.0249556852048328
0.0237218401353778
0.0244075544730143
0.0243984099388048
0.0234067235920880
0.0243258549011004
0.0245671965564099
0.0247090633570733
0.0248651108546146
0.0248423081183434
0.0246751555192642
0.0240721021967485
0.0246202476423425
0.0249366233350414
0.0250079040815776
0.0243876203742358
0.0245222045478284
0.0246984675442902
0.0245479376843457
0.0254657612829535
0.0240999497344185
0.0247572783460984
0.0246001604543079
0.0251560198852254
0.0253210759198106
0.0241092206312382
0.0247828767228382
0.0250832313266329
0.0253472758089009
0.0248648144053682
0.0254437398976770
0.0247985010680695
0.0250459373663657
0.0248072914928340
0.0256409824553334
0.0245239507935707
0.0260145919915362
0.0246850423276923
0.0249226719735144
0.0256851321075434
0.0248020725051354
0.0261523158577842
0.0254842849685750
0.0248271872125258
0.0250499166676382
0.0249109577386766
0.0246903456224235
0.0253706571784616
0.0260034978631478
0.0247019969706239
0.0254608933245634
0.0249369842285870
0.0261849506206411
0.0251210262489202
0.0251943602233475
0.0251004140841241
0.0262214683998439
0.0263874461077252
0.0255807395339712
0.0251621359219815
0.0264201643003580
0.0248164119681329
0.0258129786083769
0.0255953869153148
0.0257598764187373
0.0251452777293917
0.0262675338574571
0.0254850927125743
0.0256753660562291
0.0251306768573131
0.0254486764693259
0.0259716121767935
0.0262291020574464
0.0248812337926601
0.0258452422259237
0.0253577429415440
0.0263019411178473
0.0250868110623895
0.0261301431806181
0.0267258866807249
0.0266585466701566
0.0256715847413725
0.0267909477101395
0.0262161461722482
0.0260593569166469
0.0272817072116079
0.0263737375223312
0.0264756850843894
0.0255816110093244
0.0270204744166054
0.0251829311654056
0.0259287708217668
0.0259201773826110
0.0267872812078042
0.0259037688192881
0.0255420692150534
0.0255290910032425
0.0257622789124061
0.0261796082836060
0.0248674352736850
0.0272119529096150
0.0260020767676145
0.0260145671231041
0.0261513916479152
0.0252279108543810
0.0269252710844402
0.0265642089330791
0.0245613113292391
0.0273065674277603
0.0267387271723562
