-0.0000895192720556
-0.0000913911015271
-0.0000931751547509
-0.0000951542611811
-0.0000966664246952
-0.0000984293936351
-0.0000998977087088
-0.0001012193339912
-0.0001027912834394
-0.0001040252288181
-0.0001048737736670
-0.0001058046891586
-0.0001064850686830
-0.0001068878030517
-0.0001067960352575
-0.0001067681081919
-0.0001061718890177
-0.0001051578195938
-0.0001036892664744
-0.0001020351045581
-0.0000997827910621
-0.0000969967204768
-0.0000933585559933
-0.0000890503152459
-0.0000844206988343
-0.0000788767090561
-0.0000720296669211
-0.0000647837604095
-0.0000564336433511
-0.0000467249379937
-0.0000364305986882
-0.0000242618304628
-0.0000110363273152
0.0000037195054239
0.0000201149083917
0.0000382022739535
0.0000579890231940
0.0000797851765625
0.0001037272265068
0.0001301063672585
0.0001587335084839
0.0001902837835423
0.0002243096456489
0.0002618073382033
0.0003023012390585
0.0003466406508790
0.0003946263563136
0.0004465659239063
0.0005032131329122
0.0005645542930176
0.0006310717851766
0.0007027966697634
0.0007805650446102
0.0008646230057803
0.0009556570740400
0.0010537515042516
0.0011599287571004
0.0012745856321282
0.0013982824616092
0.0015319242016816
0.0016759200836283
0.0018314085919298
0.0019992800717316
0.0021799857948459
0.0023750344380428
0.0025854321116921
0.0028120864861002
0.0030564946969471
0.0033197199116193
0.0036036190371546
0.0039094150949017
0.0042388965473282
0.0045939936432601
0.0049763062598504
0.0053881606896765
0.0058315158741332
0.0063086761774760
0.0068221315052540
0.0073743512431019
0.0079682557335973
0.0086063785617318
0.0092914848338264
0.0100266976807805
0.0108145600101979
0.0116581288727220
0.0125598671030063
0.0135221540445582
0.0145471009876819
0.0156361869511322
0.0167902828207618
0.0180095163583444
0.0192929239148875
0.0206384935369357
0.0220430498195176
0.0235020242557538
0.0250094300579703
0.0265582537277324
0.0281404501483952
0.0297471286308534
0.0313689814591794
0.0329966634599364
0.0346210594407141
0.0362335714502570
0.0378264175948390
0.0393924924077513
0.0409256484159794
0.0424206307315150
0.0438727102166430
0.0452779787589241
0.0466329886187178
0.0479346528593541
0.0491806360831640
0.0503685180285781
0.0514966831818207
0.0525634631756787
0.0535679091798153
0.0545092639413724
0.0553873459344431
0.0562018923798440
0.0569538302884323
0.0576438780854646
0.0582728303706316
0.0588423770779427
0.0593544473694365
0.0598108376898022
0.0602136109979347
0.0605655167589439
0.0608682096140886
0.0611255756536671
0.0613393031223981
0.0615132739288357
0.0616497355257773
0.0617519237037839
0.0618230483791630
0.0618647074573144
0.0618791928119158
0.0618671651515808
0.0618289249622221
0.0617634739809912
0.0616694157492988
0.0615422910478420
0.0613799374551092
0.0611775602998849
0.0609317213588552
0.0606383214365301
0.0602933193299796
0.0598964413582578
0.0594426397424858
0.0589348872703482
0.0583710171122636
0.0577529081078014
0.0570851248960243
0.0563693829632460
0.0556098725798269
0.0548128850030368
0.0539823791793976
0.0531245248786433
0.0522441056421653
0.0513480120913047
0.0504413297596047
0.0495302366129286
0.0486164832390635
0.0477109838488610
0.0468126678040008
0.0459283277296422
0.0450599426195154
0.0442108922146752
0.0433839310256018
0.0425822571592527
0.0418042593261131
0.0410549570269780
0.0403316411692086
0.0396392341821600
0.0389759002477316
0.0383378060676278
0.0377293826881326
0.0371479631278446
0.0365953895978952
0.0360649312580391
0.0355645614230538
0.0350857942370269
0.0346305900578284
0.0341969567352238
0.0337789303077166
0.0333905285481822
0.0330138349899032
0.0326572678982543
0.0323187942717693
0.0319914486291832
0.0316811892229949
0.0313833074594070
0.0310984079739307
0.0308258260571039
0.0305646321007979
0.0303103141825617
0.0300710986816634
0.0298380443815579
0.0296149330790186
0.0294011981341668
0.0291955628775043
0.0289900388730818
0.0287928417496757
0.0286000316163526
0.0284238480038704
0.0282462060395924
0.0280670727011649
0.0278995249611663
0.0277340385598538
0.0275776595409280
0.0274237787286958
0.0272728067066128
0.0271230298040517
0.0269732016293969
0.0268385846590514
0.0266953770970735
0.0265655596042032
0.0264333787246701
0.0263069844229700
0.0261769289893568
0.0260595142950978
0.0259382842812194
0.0258157220352848
0.0257040713609626
0.0255871645402939
0.0254824566154188
0.0253717736148483
0.0252693333383138
0.0251637368069164
0.0250679024788296
0.0249654082785034
0.0248732683985421
0.0247690583270649
0.0246820077701897
0.0245843884741489
0.0244974204320330
0.0244120388808873
0.0243269101676822
0.0242406599178874
0.0241590478468566
0.0240679760435574
0.0240027597785608
0.0239145157025857
0.0238396927326978
0.0237575501348208
0.0236900613145668
0.0236184150070853
0.0235370293818901
0.0234737002900886
0.0234153345821694
0.0233308245105308
0.0232887538272276
0.0232246179466847
0.0231634935855984
0.0230965700809833
0.0230357478483277
0.0229788561420209
0.0229068601939125
0.0228638088121584
0.0228135493220738
0.0227474982635810
0.0227062970012578
0.0226482106510357
0.0225917301643142
0.0225427969401957
0.0225110380528830
0.0224553283848353
0.0223928818531699
0.0223450053153827
0.0223209385181395
0.0222576972161688
0.0222168266933325
0.0221716876199943
0.0221364614509618
0.0220768505831848
0.0220715896146275
0.0220191275043791
0.0219650755469837
0.0219549840220269
0.0218823283488703
0.0218738564557401
0.0218434256120555
0.0218112166863776
0.0217722725846896
0.0217417362099091
0.0217288347306351
0.0216743723700545
0.0216526673945459
0.0216336693726760
0.0215991710523304
0.0215458506476297
0.0215321136457068
0.0215252758708554
0.0214797516742164
0.0214676558001682
0.0214447242173062
0.0214179851369212
0.0213856613589724
0.0213553671426140
0.0213117262871423
0.0213211098534074
0.0213136280605759
0.0212767719762279
0.0212762807930197
0.0212235542004062
0.0212406575780618
0.0212068724019991
0.0211820524857165
0.0211526944876756
0.0211421052402030
0.0211193157829996
0.0211089573328909
0.0211064100600457
0.0210660341647863
0.0210628328600959
0.0210544321640630
0.0210105754314526
0.0209890838293785
0.0210088046301345
0.0209780816230169
0.0209266230359299
0.0209470294588941
0.0209586329352414
0.0209351350963992
0.0208798686936782
0.0208968992308230
0.0209228948425720
0.0208994476864665
0.0208985351822338
0.0208225375715961
0.0208629909008580
0.0207976698290963
0.0208577090297669
0.0208096360857051
0.0208158235898421
0.0208174457164882
0.0208058087396306
0.0207567050643451
0.0207758409996928
0.0208183864384739
0.0207835076932328
0.0207659025747753
0.0207556659006040
0.0207572021980626
0.0207515685750301
0.0207576474317025
0.0207650331561906
0.0207097162625589
0.0207344392512754
0.0207637546014995
0.0207410527310999
0.0207225781863114
0.0207173912673533
0.0207225718068891
0.0207304008537742
0.0207301230303300
0.0207097779817903
0.0206999659938934
0.0206886192242912
0.0207200590303763
0.0207254585334295
0.0207161810919171
0.0206769021039757
0.0207462418368528
0.0207052161582328
0.0206404379978654
0.0206847219009756
0.0206894114200752
0.0207252311513553
0.0206994950886210
0.0207175956754133
0.0207232918611804
0.0207938099532381
0.0206855891854050
0.0207385722534823
0.0207240349483957
0.0207455366180507
0.0207309770658110
0.0207715310831374
0.0207224098899091
0.0208052083351757
0.0207080398878029
0.0206747207557799
0.0207603799682261
0.0207537832893944
0.0207105916618885
0.0206982953172788
0.0207350232126293
0.0207168248220818
0.0207931674439018
0.0207356259459225
0.0207980518113465
0.0207801747003284
0.0208183821882622
0.0208336470792887
0.0208184224258538
0.0207176001342067
0.0207953302757450
0.0207519108703008
0.0208467722462946
0.0208518846184337
0.0208776634000818
0.0207280170441769
0.0209019456326250
0.0207733309643524
0.0208447495139934
0.0208019830866215
0.0208991052649431
0.0209456294848328
0.0207968090118276
0.0208495422110812
0.0208569388711169
0.0209442292430862
0.0209933761168086
0.0209143178026383
0.0208320175072077
0.0209148559648640
0.0209095474212162
0.0209887111873861
0.0209799835953517
0.0209862873699364
0.0209239306711642
0.0209960646626376
0.0209445370084784
0.0209515333798659
0.0209893629464026
0.0210167455262212
0.0210173075697754
0.0210411582635330
0.0210379414808098
0.0211525171119095
0.0211947969186234
0.0210833207589263
0.0211779215876153
0.0211608664824118
0.0211425208689336
0.0212692060302614
0.0211478047163789
0.0210426011807959
0.0211596815539186
0.0211516120763477
0.0211648851273478
0.0211201466404525
0.0210670710536196
0.0211590627648323
0.0211667713537948
0.0211869822362705
0.0212863273823184
0.0213067215827256
0.0212901491800418
0.0211225099068042
0.0213121547032172
0.0211726042042267
0.0212478606646622
0.0213243590947654
0.0212362356879865
0.0214216647212852
0.0212155207167645
0.0214881910041096
0.0213844819661004
0.0212949523941568
0.0213954874075554
0.0213739291209423
0.0213577084167665
0.0213670030737237
0.0214172181412875
0.0214535973129771
0.0215628569960842
0.0215185640764087
0.0216400763326257
0.0216381262664702
0.0215400839707043
0.0214102964817694
0.0213624235388947
0.0215308345400605
0.0215109644298183
0.0215335542787362
0.0217530843661011
0.0216198854637030
0.0215091450649715
0.0215876593736591
0.0216264101989909
0.0215691178131573
0.0216712306493679
0.0216713473663527
0.0217325554209481
0.0217343037623625
0.0216366666401826
0.0218099967038259
0.0216115686447555
0.0217790566272755
0.0218424274694354
0.0217923171724087
0.0218967548539353
0.0216880829297743
0.0219032689125192
0.0218906137775418
0.0215795172165780
0.0216150254608117
0.0218149451412415
0.0219212194353120
0.0218130763956508
0.0220185009430395
0.0217948923077391
0.0219982486377818
0.0218986011549225
0.0219462762776415
0.0217284681316645
0.0219082500300213
0.0217429461087447
0.0219699215089770
0.0220373763499163
0.0219854338382684
0.0221163649672912
0.0219200843283510
0.0222488879715531
0.0220416236854072
0.0221128024574344
0.0220361608246590
0.0220383092480570
0.0220437135161046
0.0221858861663531
0.0222776534150109
0.0222416110598191
0.0221959445317968
0.0219610717291978
0.0222098544102395
0.0223524739829117
0.0220064365045065
0.0222262567200106
0.0220845506574458
0.0225827714127345
0.0224007866994914
0.0225529200346816
0.0223832710028808
0.0224408935935690
0.0222797047666491
0.0225594572474074
0.0221896603770955
0.0224771789859169
0.0226778429329721
0.0228451861108365
0.0223441457083939
0.0225862877179846
0.0224395569756611
0.0224674205418650
0.0225698003261682
0.0225967180210644
0.0225874775335614
0.0223567395454909
0.0225337173073470
0.0227676621628343
0.0224151131937143
0.0227110526146683
0.0226543917684535
0.0227004573077649
0.0228566405080043
0.0227162170628932
0.0227369729862003
0.0230859250120975
0.0222776726089193
0.0228269756700379
0.0228297970340477
0.0222280335027739
0.0226163522982258
0.0228650380658498
0.0226883021469462
0.0228656984525043
0.0229595523545903
0.0227510178426641
0.0227745546129317
0.0226426795706348
0.0229792327531424
0.0227540517099683
0.0229575055105282
0.0228390656669004
0.0230367273367762
0.0226675912065116
0.0230738571095404
0.0233295426207849
0.0234166737418033
0.0230850878380103
0.0228873554028245
0.0230727607415216
0.0233443846990854
0.0235079384264871
0.0235315001738441
0.0229388336506220
0.0228759066418253
0.0231245221527707
0.0230071344007673
0.0234146033796825
0.0233410060361942
0.0225690767610586
0.0234624755109141
0.0225734314203375
0.0234141944964953
0.0237084723598928
0.0233306230482475
0.0236002625740098
0.0233901215111323
0.0236303503956700
0.0233289159294698
0.0232472700229086
0.0237568909037369
0.0237050336924730
0.0234809212622178
0.0235298004357757
0.0238219439964228
0.0235774496451500
0.0234475445934705
0.0235787945712626
0.0239508060357624
0.0236320424176277
0.0238685233628445
0.0236854173337957
0.0239244038534336
0.0240644986108543
0.0238672566257280
0.0241276451628321
0.0237835403898994
0.0235666224466377
0.0237767558267383
0.0237742150498143
0.0236416254916290
0.0239036406930600
0.0237359680369760
0.0239364577875142
0.0240983679289349
0.0239698227677407
0.0239759004704598
0.0239608034090500
0.0236312460066427
0.0240032490581511
0.0239451854197056
0.0237784079480626
0.0239689105434264
0.0243466609173122
0.0234353315316837
0.0248812919004168
0.0242021581468923
0.0241471390408425
0.0241535937286466
0.0237769022527270
0.0244720143290767
0.0247274134074546
0.0239937436084604
0.0239528535913691
0.0246867948915906
0.0240248460467870
0.0240512355539702
0.0245237305420972
0.0239051844268246
0.0240998906906325
0.0244794840488013
0.0243291150960107
0.0244171804767544
0.0241138753390309
0.0235331286690986
0.0251242145269843
0.0244049962575797
0.0238829926343147
0.0243472899264927
0.0252333570280028
0.0249156296401931
0.0245116022732752
0.0257002097700872
0.0249284060803338
0.0248782500269669
0.0242116310041139
0.0240900181394146
0.0247790098177846
0.0244625806501977
0.0249888543352409
0.0242423167317570
0.0243057214508064
0.0247285726063856
0.0256704251053283
0.0252197537369790
0.0244379802944794
0.0248473722276326
0.0245814300625831
0.0254218910149474
0.0248917895783777
0.0251190995044572
0.0241272517069711
0.0248312045585999
0.0260522962401294
0.0250690403902233
0.0253197245079534
0.0246256266876521
0.0252280317077372
0.0244466116048486
0.0254041021286333
0.0244599399679290
0.0251137126300775
0.0253767796180932
0.0255917574043959
0.0244745499166868
0.0257274269214044
0.0253133879340031
0.0257192713054463
0.0256666852699501
0.0249125757003970
0.0250225666069938
0.0251949977070695
0.0253312433550654
0.0257766040826521
0.0262917698177075
0.0253391964106389
0.0251837461260298
0.0259449988609785
0.0253341009497372
0.0252421004271500
0.0248995763790866
0.0264142109967301
0.0253947136363751
0.0260607313910647
0.0249441480450985
0.0249752691361813
0.0254669194636914
0.0260207460250647
0.0248844336860376
0.0267218919475217
0.0256342295194778
0.0261070364287216
0.0250178150967451
0.0260178577942451
0.0253177308726294
0.0259360254954606
0.0254741447079180
0.0266073127356278
0.0265023225419446
0.0257529422438362
0.0254222182609874
0.0263183014862112
0.0266761528359524
0.0265995637115734
0.0255186078476338
0.0266245180419948
0.0260479992510024
0.0251795879697729
0.0263561395181371
0.0266649119503515
0.0244307852072019
0.0259489191548060
0.0267214679615587
0.0248567128213902
0.0255340322096358
0.0259508249275795
0.0266316293302224
0.0256085739389119
0.0268868256377946
0.0261429819145877
0.0268898315599442
0.0254338287000058
0.0255243001839731
0.0262743290506180
0.0261117211416363
0.0265256919919310
0.0264219271008842
0.0275126775843298
0.0247383308068114
0.0262000673612980
0.0262508725864131
0.0273675448115669
0.0269901568951969
0.0266267247064623
0.0267159465721901
0.0277223419765640
0.0260487482850061
0.0258269152555704
