-0.0000895529049960
-0.0000914982945155
-0.0000933708417225
-0.0000949932087791
-0.0000967228020850
-0.0000983538255097
-0.0000999570072619
-0.0001015005005070
-0.0001026862052735
-0.0001038175291236
-0.0001048508862304
-0.0001057861382580
-0.0001062563551468
-0.0001067501252121
-0.0001067813509581
-0.0001065556403259
-0.0001061275581936
-0.0001051162739026
-0.0001036391527784
-0.0001018132886904
-0.0000994328390978
-0.0000966411567001
-0.0000932211754779
-0.0000890190601843
-0.0000840915988969
-0.0000785021708036
-0.0000719551475548
-0.0000644323285277
-0.0000563188153856
-0.0000467552067838
-0.0000359463919276
-0.0000240968800388
-0.0000106603735392
0.0000040151804059
0.0000202544310690
0.0000384335258903
0.0000583077644342
0.0000800838670207
0.0001043207622411
0.0001303680594056
0.0001591321872075
0.0001907629143039
0.0002249099622576
0.0002622264585345
0.0003027276621181
0.0003472199807455
0.0003949592849785
0.0004471495581653
0.0005038412262905
0.0005648579564638
0.0006313075021012
0.0007031277690773
0.0007809963964044
0.0008651648991392
0.0009559641159043
0.0010542738739358
0.0011605383932745
0.0012751446268393
0.0013988748063674
0.0015323757294445
0.0016764895939123
0.0018319173599868
0.0019997939902414
0.0021806496227968
0.0023758575524256
0.0025858795159136
0.0028126223283725
0.0030569688775439
0.0033202821094145
0.0036041613075266
0.0039100143314320
0.0042395893983645
0.0045943943552962
0.0049767915932768
0.0053884674889053
0.0058318084673218
0.0063089201433511
0.0068223983990095
0.0073746540130013
0.0079684798854782
0.0086065592632242
0.0092917012526485
0.0100268266519082
0.0108146861114741
0.0116580628259406
0.0125597370151739
0.0135219943166909
0.0145469008841214
0.0156358815370348
0.0167899074765548
0.0180091237091145
0.0192924463118527
0.0206380317926261
0.0220424801580523
0.0235013680701426
0.0250087710105192
0.0265575711640932
0.0281397152544889
0.0297463778574161
0.0313682194517143
0.0329959148445608
0.0346202987689200
0.0362328558169632
0.0378256904893976
0.0393918211040117
0.0409250535832376
0.0424200233128373
0.0438721669887052
0.0452775581225478
0.0466326094963963
0.0479344000360073
0.0491803440653400
0.0503683683833069
0.0514964819909961
0.0525632297251180
0.0535676975056174
0.0545090063699536
0.0553868387596665
0.0562013789326559
0.0569530253257124
0.0576426499885353
0.0582712825248037
0.0588403785149641
0.0593518564823433
0.0598076086760976
0.0602098584517382
0.0605609214164540
0.0608628958934956
0.0611191137579832
0.0613325180268933
0.0615051350995787
0.0616407793150867
0.0617422084125184
0.0618124731677083
0.0618532683956284
0.0618673971506725
0.0618543161109277
0.0618159694118390
0.0617502055360110
0.0616553271780199
0.0615296040013944
0.0613666458262366
0.0611652147498855
0.0609202889420016
0.0606277687620088
0.0602845171707657
0.0598870790957305
0.0594362646594789
0.0589282033950415
0.0583652792917461
0.0577510088547355
0.0570833398274035
0.0563687927234683
0.0556122168341744
0.0548160331737636
0.0539869341394680
0.0531312504350711
0.0522519097610893
0.0513550554506469
0.0504501309826672
0.0495392456319785
0.0486283337650880
0.0477215015600693
0.0468253796099207
0.0459406208237865
0.0450732414897624
0.0442238196418359
0.0433966455973831
0.0425949516358478
0.0418189712407515
0.0410666695350696
0.0403447318493245
0.0396528454224541
0.0389864343159516
0.0383515372063189
0.0377400124203009
0.0371591609267044
0.0366056212080964
0.0360766745761447
0.0355723016752319
0.0350928596754002
0.0346381192627549
0.0342013243922755
0.0337964251085994
0.0333980257625451
0.0330196172396607
0.0326651679683358
0.0323191973983628
0.0319979453869658
0.0316850542887528
0.0313863291429081
0.0311021029726894
0.0308305137690957
0.0305700264329252
0.0303190598143065
0.0300745632829891
0.0298427885972150
0.0296156217358078
0.0294021283561781
0.0291917476148298
0.0289910855149408
0.0287942905408367
0.0286072713035821
0.0284213411478478
0.0282474716653648
0.0280703203121523
0.0279030936197166
0.0277360830835346
0.0275762474288077
0.0274170237981534
0.0272729100050482
0.0271190069423284
0.0269797516325389
0.0268385018723614
0.0267047787538190
0.0265655231259725
0.0264353266588893
0.0263006017378051
0.0261767059438212
0.0260555753267196
0.0259359519909444
0.0258143732378414
0.0257070027505111
0.0255990076258573
0.0254840919143663
0.0253757283192157
0.0252686755813346
0.0251603033995913
0.0250678327072486
0.0249560513749206
0.0248687702400951
0.0247752240965579
0.0246723413384143
0.0245880272430237
0.0245008845158915
0.0244064686539437
0.0243131814884217
0.0242410360508112
0.0241503311103245
0.0240779731190545
0.0240005696837730
0.0239257875816934
0.0238323188303418
0.0237534791076049
0.0236860600044024
0.0236223476847248
0.0235550994529235
0.0234783039742351
0.0234096639321848
0.0233505542079623
0.0232793708991203
0.0232094567968728
0.0231424184405359
0.0230947372421491
0.0230279546240244
0.0229801480692199
0.0229204126936329
0.0228529354629689
0.0227941617826612
0.0227522407270550
0.0226891339020027
0.0226547055063651
0.0225843114895303
0.0225423448582633
0.0224949382489688
0.0224411295806572
0.0224124627010795
0.0223569209258012
0.0222939761868407
0.0222695937806760
0.0222231072283568
0.0221940900830817
0.0221348765609452
0.0221017326441963
0.0220676119141437
0.0220265480719789
0.0219831583977436
0.0219327009941745
0.0219117267697112
0.0218873755759463
0.0218604541541318
0.0218227069533373
0.0217640845242821
0.0217391883565643
0.0217125796420021
0.0216764034848218
0.0216678392013276
0.0216345243344326
0.0215880153240151
0.0215422749257359
0.0215351088967885
0.0214950930322235
0.0214671828294014
0.0214413258008357
0.0214204113117427
0.0214024509418240
0.0213738608390853
0.0213572789252065
0.0213351622773227
0.0213075922006645
0.0212750653955722
0.0212667495065295
0.0212528803204295
0.0212235935824764
0.0211950219911947
0.0211774294476878
0.0211636941853178
0.0211472204103523
0.0211056876622050
0.0211306820656855
0.0211029870633369
0.0210678451174483
0.0210681616861278
0.0210706236353489
0.0210289661868704
0.0210258682913610
0.0210040095547776
0.0209751545824546
0.0209480930292665
0.0209775293465472
0.0209948967889039
0.0209179656898550
0.0209064956233397
0.0209274847703435
0.0209161590568831
0.0208939654088309
0.0208956531198599
0.0208793497415353
0.0208620623886901
0.0208156432471073
0.0208435003326436
0.0208381096267126
0.0208240410639393
0.0208231116972136
0.0208122905865845
0.0208198818118666
0.0208165684112614
0.0207878551581072
0.0208172031005536
0.0207889492045333
0.0207565762661493
0.0208068960244570
0.0207688015708403
0.0207752121345963
0.0207381572029246
0.0207383412993811
0.0207578508308713
0.0207254426353092
0.0207332974178304
0.0207258469509374
0.0207054283576695
0.0207386772944994
0.0207701386952421
0.0206911056798113
0.0207026566251247
0.0207215182109918
0.0207262993861298
0.0206542512465864
0.0206822095676703
0.0207183052802726
0.0207278135282074
0.0207633325397789
0.0207577263311193
0.0206946547961788
0.0207778712636284
0.0207247689670130
0.0207325573994219
0.0206961148105985
0.0207008736595455
0.0207298619807114
0.0206488564020660
0.0206761024788898
0.0207016459573359
0.0207812699028657
0.0206860949240488
0.0207795408061809
0.0207486873025894
0.0207214439839881
0.0206890382121162
0.0207507825799395
0.0207918643909241
0.0207431330809421
0.0207519172828181
0.0207380592973728
0.0207052868225734
0.0208066615411497
0.0207481283490450
0.0207542413916141
0.0207489794042505
0.0207870504127124
0.0207126608248649
0.0208423739702541
0.0208047569442401
0.0208353604333407
0.0208405980865047
0.0208216705572693
0.0207500339511802
0.0208131613443617
0.0208707522705924
0.0208896732250923
0.0208547536540366
0.0208922339965177
0.0208819909045940
0.0208121167461096
0.0209184868422749
0.0208428484994665
0.0208611546154522
0.0208722802965459
0.0208929345255163
0.0209316485106780
0.0208892376601203
0.0209222170982731
0.0208345204088699
0.0208845535803971
0.0209320544236127
0.0209532703602939
0.0209378917854824
0.0209430219738536
0.0209956274284871
0.0209396264503305
0.0210745896554242
0.0208914069227459
0.0209466706458690
0.0210586581694357
0.0210032225631727
0.0209577880491875
0.0210994626952147
0.0209790036004153
0.0209675080519966
0.0209745290672212
0.0210686965411294
0.0210322048954792
0.0211412340808347
0.0210359085683542
0.0210632285431090
0.0210923471233921
0.0210759124711741
0.0210781900914259
0.0211291187776482
0.0210454779431861
0.0212656228048638
0.0211358876382573
0.0213627845669784
0.0212798857669486
0.0211972476168679
0.0211106398113521
0.0211855708518770
0.0212822243005601
0.0210341392353405
0.0212022424779267
0.0211436112796461
0.0212414048140737
0.0212669659277151
0.0211096380552971
0.0212829190966658
0.0213049083167948
0.0215719616828895
0.0212162361746060
0.0212632942638187
0.0213590142042298
0.0213583719224601
0.0213812968655774
0.0215280225129282
0.0212730902496155
0.0212401617279934
0.0213620011260999
0.0213059378376497
0.0215486770974769
0.0215031356170348
0.0213842880637967
0.0213907132694953
0.0215329992583279
0.0214226213586331
0.0214796008058388
0.0213490209954282
0.0217268504925469
0.0215099226205781
0.0215674369479376
0.0216441756023332
0.0214651540384065
0.0214726855998657
0.0215765579897623
0.0218269211530553
0.0215792086847569
0.0216209595363390
0.0215507433787015
0.0216979558673225
0.0217361758321640
0.0218835124020739
0.0217627393521383
0.0216220110473076
0.0219171841051803
0.0217606421016526
0.0217465133346536
0.0217268816809258
0.0217860085128266
0.0218791553385404
0.0220178373172094
0.0219289131858681
0.0219777554454876
0.0220405565768685
0.0217450528614418
0.0218625089770256
0.0220189236457468
0.0218916970830813
0.0218316404237731
0.0221169376997604
0.0219456352126082
0.0220394793600566
0.0219899269106566
0.0218974142302295
0.0221917352635872
0.0220217624121377
0.0222843738411682
0.0221913380199014
0.0220222054836170
0.0223909595214022
0.0221972700293314
0.0221654308248414
0.0222858944174327
0.0224152456496567
0.0222498830361953
0.0221718836643586
0.0221436793289918
0.0221369026462513
0.0222778696010354
0.0225280955291068
0.0222324529891918
0.0225068359621432
0.0222702151769146
0.0219262268604589
0.0221226435744399
0.0217835509337651
0.0222981700837836
0.0225452671928604
0.0222015248926064
0.0221660816937493
0.0226131798309795
0.0222046201892924
0.0223154313983333
0.0223312421041570
0.0224654150835468
0.0224742029603213
0.0227551554531711
0.0227568374499101
0.0228092951861432
0.0222466435796581
0.0226663050512492
0.0227159960828031
0.0222779866310293
0.0228731532529305
0.0227151496647157
0.0229666064363625
0.0225526048462096
0.0227308517038072
0.0228622306451489
0.0226555004996656
0.0224479487240437
0.0229828364528641
0.0225074650257113
0.0223832004295722
0.0226192086295155
0.0233542935247721
0.0226322927336889
0.0226702563601776
0.0227435024046640
0.0228352315033200
0.0228828764752532
0.0229190832487400
0.0228524493304201
0.0233565779932286
0.0231896530465083
0.0230446957484818
0.0233903573790572
0.0229195173767460
0.0229506260897847
0.0232811956949150
0.0228766928292442
0.0231335484574308
0.0227367783421625
0.0231718628393184
0.0234230681557394
0.0234551175212085
0.0230821770020301
0.0231961485180400
0.0229337847834903
0.0232828275710937
0.0233033207078481
0.0231088398036520
0.0237004560355835
0.0234240434747037
0.0233552145685722
0.0234712180163386
0.0234839251985472
0.0233259960843551
0.0234411588720140
0.0231631880960956
0.0228217507187828
0.0233305859569743
0.0232044565794528
0.0229010073032992
0.0233770073546350
0.0235666951061156
0.0235220900299427
0.0237508648281548
0.0238232436615399
0.0234761449952811
0.0235669662037341
0.0233905979252879
0.0232948176609416
0.0233590941747099
0.0233685903260942
0.0236038098733352
0.0238652410520743
0.0236729250696459
0.0236545034657942
0.0236322794266656
0.0236682198498031
0.0233246455256296
0.0236108312131322
0.0237430465275657
0.0239348305572385
0.0237677148106525
0.0235234041980471
0.0238393107422272
0.0241125403476346
0.0238916959661225
0.0239397746867361
0.0238301308581435
0.0235199639660155
0.0242449491961108
0.0241377083951207
0.0236890791782289
0.0240682796211761
0.0243378348392077
0.0237877165750593
0.0242361713728187
0.0242544537763661
0.0238717657623223
0.0240659062563040
0.0243493446176339
0.0236406584481555
0.0247365417798931
0.0242341963927888
0.0243431447592773
0.0246936172056446
0.0244597495142188
0.0244478470133878
0.0238416263118192
0.0237873333156427
0.0241464028586035
0.0242719524003620
0.0244005461397745
0.0243902193477519
0.0245430481430829
0.0243445696833505
0.0244125530202938
0.0251615550959433
0.0246426277695208
0.0248350780901344
0.0248105040092856
0.0249732106134571
0.0240061560727525
0.0245310617952221
0.0235504412258206
0.0235226460815291
0.0244556588671499
0.0249391014372664
0.0242537973239572
0.0251155198407689
0.0248337682486485
0.0241634466374052
0.0253639063494114
0.0244664143158025
0.0252477240280883
0.0250575568119546
0.0250896924858033
0.0248672848470538
0.0243166627019855
0.0249992028539710
0.0252226192177769
0.0244257451614518
0.0249150066809663
0.0246923855270989
0.0256730364377164
0.0257894817662369
0.0247334817149092
0.0242927341996918
0.0251514918105815
0.0250612111941664
0.0246653399437471
0.0256594494763115
0.0254146127990931
0.0252605876673757
0.0249142385483247
0.0259790807993310
0.0251300759335972
0.0254471945643909
0.0248922405877746
0.0246769014851890
0.0258390132459288
0.0249360678441183
0.0262487294099275
0.0259355892075593
0.0247727086244437
0.0255596867084543
0.0258074869336959
0.0252861145339614
0.0259949214303884
0.0259586185236374
0.0247191950160348
0.0249516808497543
0.0250219021722609
0.0259245413147532
0.0248662066999657
0.0251276088732410
0.0252162386381058
0.0259236014916766
0.0255105754025154
0.0258031286851433
0.0255845584375803
0.0263532724397583
0.0252112136059795
0.0256033006922309
0.0260429939508154
0.0262139472184464
0.0259954591196781
0.0266335580437642
0.0256135902088390
0.0251557714493637
0.0260154470422832
0.0260912841753869
0.0256278117193593
0.0248245863403315
0.0252844430494371
0.0257217584782615
0.0254066448379326
0.0252150257806847
0.0252495535022800
0.0265764802709308
0.0264152979249172
0.0267479185161023
0.0260562071261709
0.0266061294208808
0.0252966190015775
0.0271069951936806
0.0264048396825721
0.0268567034860952
0.0261602757405997
0.0251423564802174
0.0267529079701482
0.0252612306008086
0.0261316307991741
0.0245603628811081
0.0271563634539192
0.0261688385496161
0.0257152774747167
0.0256297936365733
0.0249060222578715
0.0256009947303909
0.0255876201757353
0.0256660310862619
0.0258126861867704
0.0256064849294900
0.0266624839124152
0.0253366848919711
0.0261015463051152
0.0268397349089890
0.0253205093154628
0.0278219251390196
0.0257804815261007
