-0.0000894331654340
-0.0000911607354490
-0.0000929639481281
-0.0000948135681130
-0.0000964834144944
-0.0000981597888209
-0.0000996672524973
-0.0001010928377309
-0.0001025308553177
-0.0001038143774132
-0.0001047524166132
-0.0001055881172603
-0.0001062341401592
-0.0001065145145971
-0.0001066139495725
-0.0001064049185927
-0.0001057847085347
-0.0001048368507298
-0.0001035077853343
-0.0001017185946751
-0.0000993940953660
-0.0000964458906293
-0.0000928652452567
-0.0000887191610705
-0.0000838897042961
-0.0000781805952452
-0.0000716109978872
-0.0000642976305282
-0.0000557393749096
-0.0000462107783967
-0.0000356169713385
-0.0000236621589299
-0.0000103811261492
0.0000043895266574
0.0000207668073471
0.0000388258260020
0.0000586969140045
0.0000806344099236
0.0001045253219352
0.0001309248861165
0.0001596806057827
0.0001909790601230
0.0002253511479397
0.0002626946276802
0.0003034077295250
0.0003474868313556
0.0003956513780942
0.0004477079691848
0.0005042141052542
0.0005656195703181
0.0006320297366803
0.0007039030671697
0.0007816403481412
0.0008657014164077
0.0009567219742710
0.0010549233943795
0.0011610333367141
0.0012756961685024
0.0013994522615793
0.0015330384757065
0.0016771868952882
0.0018326665935956
0.0020003486692774
0.0021812010660263
0.0023761721181693
0.0025865758734623
0.0028132207157465
0.0030576036232450
0.0033209431863880
0.0036047200478212
0.0039105002677397
0.0042399225689793
0.0045949235708525
0.0049771850538205
0.0053889228253580
0.0058321830667984
0.0063093014953233
0.0068227184288725
0.0073749793315946
0.0079687179734875
0.0086067184662694
0.0092917931012599
0.0100268098073527
0.0108146160696071
0.0116580594913595
0.0125596482803199
0.0135218385003123
0.0145466120565363
0.0156355736826127
0.0167895565208302
0.0180086123860859
0.0192919140982965
0.0206373926594665
0.0220418544013091
0.0235006616629945
0.0250079788804809
0.0265567608227780
0.0281388978473683
0.0297455106264102
0.0313673357896732
0.0329950077538262
0.0346194363528391
0.0362320040150238
0.0378248781467126
0.0393910285827499
0.0409243102385516
0.0424193940667886
0.0438716317322956
0.0452770098503152
0.0466321618351771
0.0479340520832487
0.0491801124814831
0.0503681202000983
0.0514962799766091
0.0525631109930729
0.0535674304278513
0.0545086017800917
0.0553863657457860
0.0562006544377852
0.0569520267297354
0.0576412472766313
0.0582695192342045
0.0588382719694445
0.0593491518572664
0.0598041757741126
0.0602054386053700
0.0605553712341192
0.0608567240986074
0.0611119431348211
0.0613238015411477
0.0614957659501278
0.0616304588283970
0.0617309363807923
0.0617999653779118
0.0618401479749767
0.0618530824653193
0.0618402928686791
0.0618012249461778
0.0617354398221045
0.0616408185659137
0.0615138721970406
0.0613525890188660
0.0611514552329798
0.0609069497887765
0.0606151078138936
0.0602727328977512
0.0598778071687517
0.0594269971315479
0.0589216127772410
0.0583613885700484
0.0577464598089717
0.0570821817041722
0.0563699359182641
0.0556141796474169
0.0548199281576181
0.0539925522403173
0.0531367477594137
0.0522594821735907
0.0513668913323775
0.0504619934536513
0.0495524846432229
0.0486418758309844
0.0477368371393242
0.0468394148098724
0.0459558726957276
0.0450877541393186
0.0442401855657469
0.0434141097670030
0.0426112276303272
0.0418336916982127
0.0410850167557424
0.0403626247016768
0.0396675610079384
0.0390025845745996
0.0383637830723456
0.0377551150411969
0.0371727262934387
0.0366175359137057
0.0360886927171540
0.0355853141750483
0.0351047708794579
0.0346479771218548
0.0342143393857001
0.0337955637232024
0.0334040668480133
0.0330299628478970
0.0326697324424523
0.0323308538067558
0.0320020313379973
0.0316922603510509
0.0313948456914288
0.0311092542131215
0.0308348855846355
0.0305721950994792
0.0303191379919240
0.0300786609961899
0.0298446450495517
0.0296211837949814
0.0294037988033898
0.0291954490467683
0.0289912334202874
0.0287956627643340
0.0286040618744505
0.0284224222743275
0.0282414975636760
0.0280686782042224
0.0279000452639519
0.0277359486466246
0.0275780104326542
0.0274239283456113
0.0272686060500868
0.0271241686094425
0.0269759980551469
0.0268357123184671
0.0266966487377388
0.0265637007665330
0.0264328355246108
0.0263068815128862
0.0261805018854635
0.0260577966697126
0.0259374996375489
0.0258215833004811
0.0257029161061822
0.0255861436160332
0.0254791766743805
0.0253711396317645
0.0252653100609625
0.0251652171327215
0.0250598175884045
0.0249633222111562
0.0248647314549892
0.0247667729296533
0.0246781374592727
0.0245826669446720
0.0244897152058221
0.0244052868897013
0.0243237946707896
0.0242340412765625
0.0241513859637059
0.0240673919197266
0.0239908648952193
0.0239080117825643
0.0238420203744399
0.0237659346216824
0.0236914820882718
0.0236179365632368
0.0235429703093806
0.0234776418912465
0.0234104995165159
0.0233392003615121
0.0232820484154795
0.0232155887264203
0.0231574232191971
0.0230898466099898
0.0230328727344930
0.0229704732918297
0.0229104863081773
0.0228607355285871
0.0228056524404109
0.0227506814194226
0.0227015819757174
0.0226398157654940
0.0225958247111382
0.0225462518616309
0.0224976346562298
0.0224520941298052
0.0223925033591280
0.0223547259515442
0.0223189311379127
0.0222670859753788
0.0222229521434837
0.0221758075227441
0.0221399264049359
0.0220970415347418
0.0220575607187343
0.0220196055301588
0.0219827189335659
0.0219529466913118
0.0219057501899391
0.0218649293117962
0.0218330982217598
0.0217941283084347
0.0217819942549191
0.0217414919886075
0.0217094800953863
0.0216770437461565
0.0216347511739935
0.0216128056087805
0.0215915800543905
0.0215639998658542
0.0215331392121842
0.0215145489476184
0.0214897958671469
0.0214576845532255
0.0214331701706790
0.0214044585328442
0.0213815068483790
0.0213555770205824
0.0213373052846867
0.0213125724578655
0.0212978889985949
0.0212748235789120
0.0212501457569844
0.0212308665692208
0.0212187289203762
0.0211934302187941
0.0211725957399139
0.0211463823190403
0.0211468876970726
0.0211052900378092
0.0210948019800535
0.0210950435304940
0.0210658521369350
0.0210419818811043
0.0210446324006112
0.0210150413860103
0.0210046879428103
0.0210034901400726
0.0209923460159619
0.0209544520542548
0.0209333205984677
0.0209552792334353
0.0209407704058292
0.0209166745467442
0.0209063756598392
0.0209015690891784
0.0208891189505708
0.0208719137363449
0.0208633146969779
0.0208709616666007
0.0208550520038722
0.0208422207452329
0.0208281874663334
0.0208156681894629
0.0208192110142274
0.0207945155462590
0.0207873749247874
0.0207920292590165
0.0207809646854641
0.0207708321602853
0.0207716428206796
0.0207530499524783
0.0207639286214357
0.0207521742512655
0.0207624459968123
0.0207599958365473
0.0207312597113535
0.0207440973732913
0.0207536600315864
0.0207440954725451
0.0207394700590463
0.0207171984656972
0.0207150318388464
0.0207286746529836
0.0207347557010048
0.0207188941029228
0.0207092099051504
0.0207399557684322
0.0207323353215251
0.0207110540047410
0.0207065878566774
0.0206834300109534
0.0206870559055019
0.0207155823196929
0.0206662843210602
0.0206912540393006
0.0207041887322748
0.0207137970823892
0.0207074294918862
0.0207122924719642
0.0207498385404552
0.0207335181870879
0.0207225058876783
0.0206891106205590
0.0207343211827297
0.0206831932236835
0.0206973797645185
0.0207323464916201
0.0207272157624187
0.0207124976630044
0.0206972843480223
0.0207254627056036
0.0207277529892686
0.0207480856980900
0.0207562083403524
0.0207202237145726
0.0207717722156982
0.0207493794208127
0.0207586097290917
0.0207508181280578
0.0208144808589524
0.0207600588893573
0.0207862458356436
0.0207658936502806
0.0207648688854194
0.0207863339121869
0.0208113819223919
0.0208101278712252
0.0207804260002393
0.0207836017145563
0.0208277789172954
0.0207875140833557
0.0208110097323570
0.0208452099075590
0.0208257680493699
0.0208530296197602
0.0208582239884479
0.0208918041912762
0.0208424099091494
0.0208681599581352
0.0208738777713943
0.0208690182494466
0.0209217513267951
0.0209399622019502
0.0208879785011056
0.0209184287521841
0.0209237186508103
0.0209397995374268
0.0209396614177485
0.0209740685166469
0.0209121607560966
0.0210106043708937
0.0210081464145759
0.0209721299170107
0.0209927132781257
0.0210219479879078
0.0209688817497031
0.0210678393281329
0.0210563314516493
0.0210738139158437
0.0210536119991732
0.0210896953742821
0.0210238464816610
0.0211180163322272
0.0211064076045113
0.0211346053347625
0.0211332746131222
0.0211565702805949
0.0211102294184693
0.0211839599059684
0.0210956967618950
0.0211615957876868
0.0210682708110913
0.0211212128658797
0.0211972617129428
0.0212278981038827
0.0212087681626429
0.0211898676193122
0.0213158520368611
0.0212468464307048
0.0213364096102139
0.0212699863813381
0.0212616374703932
0.0214096935113174
0.0212956785808875
0.0213379494263478
0.0211835764846055
0.0214487796289576
0.0213767658549893
0.0213300600143844
0.0213651876901158
0.0213785366911034
0.0213334948590750
0.0214586950856379
0.0215233663675823
0.0214498664555306
0.0215443186720726
0.0214074871844762
0.0214169083243233
0.0215171458535883
0.0215510603216815
0.0215049276934402
0.0215260668518798
0.0215565667932193
0.0216618231479593
0.0214552671252789
0.0215876008828196
0.0215750470483920
0.0215853821217274
0.0216822576888329
0.0216312910611194
0.0216701130967979
0.0215279116552648
0.0216773387283784
0.0217218935812474
0.0217422416219032
0.0217015982801485
0.0216678029210834
0.0216210054039868
0.0216810246664193
0.0218046432952578
0.0216825445123289
0.0217736932348230
0.0217757288062995
0.0218372414534662
0.0218083568315872
0.0218048208882130
0.0217370238957339
0.0218318435887275
0.0218132202460970
0.0217594791824001
0.0219858167323701
0.0219093527328474
0.0219480596079522
0.0219657189864078
0.0220318412296229
0.0218832545304379
0.0219515078563302
0.0219466690602168
0.0220369714737977
0.0220946539564424
0.0219495168382744
0.0220961885006859
0.0219736503824096
0.0220398784580655
0.0221480932156318
0.0219421726700295
0.0220639884853683
0.0221517606102136
0.0219978510134297
0.0220624895369630
0.0222133740159170
0.0221947345227076
0.0222831214264240
0.0222138484948005
0.0222435536179431
0.0221497440642203
0.0222801137499874
0.0221695149815111
0.0222826213480211
0.0225188801166906
0.0224733617995025
0.0225986579964327
0.0223838400917024
0.0223267484699638
0.0224772481109482
0.0225126419004961
0.0223067448796537
0.0225498937893453
0.0225447498989554
0.0225630465475292
0.0224870184621170
0.0225146901116588
0.0223399587833892
0.0224771243717064
0.0223916881227676
0.0227526173536343
0.0225873940566251
0.0224547170618671
0.0227897711217605
0.0225105511994823
0.0225825952135186
0.0225087653759070
0.0227543930838396
0.0226520433969613
0.0226621116679426
0.0227265872465198
0.0229565733996387
0.0226745995221294
0.0228458283602857
0.0229320212711446
0.0228619310421658
0.0224625145585858
0.0228566616576348
0.0229705838074744
0.0229066687510278
0.0229219715366603
0.0229120695126983
0.0228218130143223
0.0228794968780073
0.0227412730859973
0.0228252485438682
0.0228948944406795
0.0227457450795699
0.0230648212597530
0.0230140554260501
0.0228324093522411
0.0230497905539105
0.0231049662689884
0.0232107031461783
0.0229987196895910
0.0229851526030557
0.0229193533435620
0.0232286609216445
0.0231581937016882
0.0233514832938350
0.0231002765931253
0.0231181074490881
0.0232308643023139
0.0230076101227452
0.0232257794313838
0.0233197949170233
0.0231696836339639
0.0232548789266520
0.0232022338688714
0.0233537864297818
0.0235439109465800
0.0237407874741917
0.0234548986637444
0.0234948854073925
0.0237876900992540
0.0235409862412796
0.0233996431600559
0.0234404935184696
0.0234479056046763
0.0234648831102861
0.0236505749798623
0.0234895689649648
0.0236582630169935
0.0237194947966721
0.0237895640638471
0.0237671077061189
0.0236385360879110
0.0235931358292680
0.0236291454893270
0.0237390196578458
0.0238421641419417
0.0237487227475894
0.0240135619228555
0.0238378514098266
0.0238303534447234
0.0237926597575485
0.0238783826236522
0.0239301879302863
0.0238372597647428
0.0238171109274794
0.0239045330760185
0.0238737394046358
0.0239056721150671
0.0242096186491335
0.0238811690900681
0.0239004226045693
0.0241615302401206
0.0240123246171085
0.0238839989844232
0.0241171344438351
0.0239955039639885
0.0240288995286268
0.0242739501303720
0.0240462222501616
0.0240278845359406
0.0244333636777733
0.0238180374828089
0.0242098326475473
0.0242081724685242
0.0238569438008438
0.0241353406051235
0.0241882526529002
0.0245273439985884
0.0244829940348993
0.0244426506993934
0.0243296757241288
0.0241650853552716
0.0243510829716990
0.0242394350673650
0.0244733155405829
0.0244198378960396
0.0239242774281859
0.0244841501148980
0.0243108839818428
0.0241722840753139
0.0242439413754812
0.0248922346258023
0.0245589306844543
0.0249924767058224
0.0251236978700933
0.0246520367551077
0.0245553981312475
0.0247524725018191
0.0243842377707217
0.0245522319929251
0.0248532275615595
0.0242388010176362
0.0248404232886828
0.0243410455389759
0.0245151202629651
0.0247540972207793
0.0248382164273589
0.0249695774424208
0.0246610999987040
0.0247055789018722
0.0250799493761904
0.0250164419041190
0.0250800114087815
0.0243096014838372
0.0245440817563500
0.0250612205596671
0.0252111683559896
0.0249083240794318
0.0248417528836160
0.0252459704015338
0.0246682303917864
0.0248696956930667
0.0248458823481019
0.0250848774497058
0.0249240186662690
0.0251266781763395
0.0250063253302202
0.0252501796513634
0.0254939994022218
0.0251295435252983
0.0253146963172933
0.0248025551962150
0.0247328139254565
0.0253045874447666
0.0251580156834160
0.0252274522388292
0.0255216480559606
0.0250349624351062
0.0251050560904161
0.0257671532074919
0.0255864684765878
0.0255355996610976
0.0251754945806058
0.0259948035475359
0.0255792824008435
0.0257314904596090
0.0254251947459686
0.0254898270052936
0.0254499099979409
0.0256969712894396
0.0252431278992565
0.0259708711713041
0.0256508019951454
0.0255767209006298
0.0252580508497586
0.0255524187398349
0.0251892567658602
0.0257720181971223
0.0259100692503652
0.0256360557501070
0.0257511347158800
0.0258206692287889
0.0263780015756878
0.0259685047984688
0.0260711687915932
0.0262312146077217
0.0262479556390483
0.0262808056935750
0.0255983318870961
0.0256383837712920
0.0258919464110109
0.0259200561093786
0.0254660419427840
0.0263471480641771
0.0255429995617377
0.0258638187069042
0.0257376764769327
0.0260685236725448
0.0266292270164299
0.0259725503002164
0.0265821175716073
0.0260947063413330
0.0271402236616399
0.0257085484651599
0.0259811189409542
0.0263604863379587
0.0264227336865252
0.0269133959998232
0.0267252485017658
0.0266128065308709
0.0266922683702814
0.0265768218833759
0.0265037201849394
0.0265776996114844
0.0269552775701475
0.0267614138659489
0.0263358548808264
0.0269340864814016
0.0257268924640448
0.0270165097751833
