-0.0000894175247917
-0.0000911141986076
-0.0000931334555575
-0.0000945828147902
-0.0000966759356266
-0.0000982288216854
-0.0000997507396556
-0.0001012038057571
-0.0001024733461453
-0.0001040292233726
-0.0001048518649433
-0.0001056896607465
-0.0001062687702623
-0.0001065039441188
-0.0001067837585379
-0.0001064859190283
-0.0001058867549884
-0.0001049625646069
-0.0001037942377869
-0.0001016770557264
-0.0000994013196698
-0.0000964318659170
-0.0000928854249314
-0.0000889515523379
-0.0000838574800690
-0.0000781650676140
-0.0000719103399312
-0.0000643982097488
-0.0000557470960967
-0.0000463847069635
-0.0000356149178259
-0.0000237172820663
-0.0000104661594204
0.0000041597946701
0.0000207619819272
0.0000385940187153
0.0000585696186875
0.0000804638717342
0.0001045500386114
0.0001307329833312
0.0001595322989898
0.0001907235038471
0.0002253049781088
0.0002625652786252
0.0003032625973889
0.0003472207036508
0.0003954591106224
0.0004476349075574
0.0005040874472405
0.0005653463102032
0.0006316815354141
0.0007037007003546
0.0007814450621895
0.0008655474835741
0.0009564065805994
0.0010547262456087
0.0011607953790914
0.0012754275406761
0.0013992560444461
0.0015327768841474
0.0016769700876253
0.0018325050601504
0.0020000163631114
0.0021810529803026
0.0023759825965645
0.0025863177435127
0.0028130516413894
0.0030574431889219
0.0033208572724366
0.0036045162281946
0.0039103360090796
0.0042398058043822
0.0045946640490332
0.0049770607964764
0.0053887065586628
0.0058318925935189
0.0063091303264554
0.0068226165014502
0.0073749505325335
0.0079686272991183
0.0086067078150246
0.0092918208586261
0.0100267803057401
0.0108146756059649
0.0116581132857374
0.0125597138218087
0.0135219190386594
0.0145466899153533
0.0156356719267354
0.0167896923517319
0.0180088074001137
0.0192921012045361
0.0206376598772406
0.0220421189267228
0.0235008950574951
0.0250082434588095
0.0265570741055941
0.0281392225148076
0.0297458279755411
0.0313676679222176
0.0329953379940786
0.0346197741249082
0.0362323478472289
0.0378251760466399
0.0393913066362698
0.0409246059308026
0.0424196105740980
0.0438718374795711
0.0452772003306534
0.0466322987609617
0.0479342540358123
0.0491802632587059
0.0503682250661737
0.0514963488951995
0.0525631697402122
0.0535675217724047
0.0545087527060421
0.0553864590030734
0.0562010121002593
0.0569524134220771
0.0576416659330046
0.0582701391353121
0.0588392428933557
0.0593503546513735
0.0598055594520625
0.0602072267701300
0.0605571800172992
0.0608591803656123
0.0611146373214393
0.0613269120925753
0.0614990845101566
0.0616343067535510
0.0617352343010725
0.0618045821189733
0.0618451406282328
0.0618582535322837
0.0618457445243745
0.0618069608597793
0.0617413319113826
0.0616464586944276
0.0615194356064143
0.0613577837223459
0.0611570733524063
0.0609118189642588
0.0606197069808481
0.0602771278702009
0.0598809175936223
0.0594300845155935
0.0589236160772839
0.0583624732527305
0.0577482922151942
0.0570825656309960
0.0563701331309021
0.0556136516751020
0.0548185807773144
0.0539903338168199
0.0531330734664070
0.0522566911419174
0.0513634562900794
0.0504581139569359
0.0495470755221987
0.0486381506197098
0.0477309008888870
0.0468340672645328
0.0459503461976663
0.0450811274784283
0.0442344955530818
0.0434095608895814
0.0426042376973096
0.0418281359751601
0.0410798259563647
0.0403581422689707
0.0396627629799243
0.0389962127461271
0.0383572607194325
0.0377499319024266
0.0371679101808400
0.0366121916721302
0.0360859127520098
0.0355812142630844
0.0351007252444389
0.0346417733044396
0.0342092406085326
0.0337951833523137
0.0333981083706640
0.0330271675937672
0.0326662144840293
0.0323277254089567
0.0320000162863016
0.0316892909806456
0.0313941421266161
0.0311083210620469
0.0308335002694752
0.0305720400352909
0.0303224116596198
0.0300788070023054
0.0298447204109292
0.0296198552196768
0.0294027446655658
0.0291901050513888
0.0289901004750394
0.0287952369552180
0.0286056502465126
0.0284212365794006
0.0282380478219746
0.0280700294024744
0.0279023837370781
0.0277398578654029
0.0275772699100806
0.0274221394792515
0.0272663996943535
0.0271226651468525
0.0269825777752485
0.0268339870721647
0.0267031373484591
0.0265643488917155
0.0264340046526308
0.0263101418474726
0.0261803472336660
0.0260544961138764
0.0259386411970676
0.0258246659839213
0.0257034695232234
0.0255875825512846
0.0254799112845760
0.0253744194588040
0.0252659185906523
0.0251695902428182
0.0250566597772268
0.0249679286296486
0.0248552825104376
0.0247695006206785
0.0246767779634571
0.0245817383385900
0.0244888614495397
0.0244037508443177
0.0243225933922764
0.0242348726990220
0.0241527589703113
0.0240742150532876
0.0239781932375349
0.0239135944770640
0.0238436256867564
0.0237751180255357
0.0236948847321743
0.0236174894613298
0.0235481856088529
0.0234797792381186
0.0234112736597602
0.0233498609767389
0.0232733745232520
0.0232072229413986
0.0231528788524133
0.0230884657843841
0.0230351337734125
0.0229592865000975
0.0229188189812213
0.0228553442950413
0.0228030017366795
0.0227609104068816
0.0226906971453499
0.0226427972286587
0.0226009301319414
0.0225560702350179
0.0224904648520693
0.0224423232938759
0.0224018698713841
0.0223623711428813
0.0223094664748592
0.0222754085526706
0.0222348344533517
0.0221892248826536
0.0221431100342174
0.0221124596984746
0.0220615216386476
0.0220315107368831
0.0219986380678238
0.0219614131200998
0.0219296132769421
0.0218615665736774
0.0218262152943635
0.0218104977139722
0.0217874559760912
0.0217365770592068
0.0216919106408215
0.0216728946877301
0.0216340087466912
0.0216052639699784
0.0215865265744384
0.0215772880943475
0.0215342947002244
0.0215084083143246
0.0214795013873102
0.0214507641658160
0.0214232156309718
0.0214205128206370
0.0213741881502398
0.0213556786625711
0.0213507284741891
0.0213088998653149
0.0212846946214082
0.0212657613452215
0.0212258133429661
0.0212391367811194
0.0211920073833565
0.0211773760963901
0.0211771216757877
0.0211359695255819
0.0211404185034265
0.0210846830412763
0.0210868702177368
0.0210689107557148
0.0210577232727761
0.0210332269212007
0.0210226058507421
0.0210159765893599
0.0210184772448676
0.0209834584835439
0.0209885445046897
0.0209936691390495
0.0209491115406368
0.0209571261699843
0.0209459231336217
0.0209577285803189
0.0208975914157865
0.0208783031918146
0.0208801676724863
0.0208512933564803
0.0209050128046089
0.0208706983650899
0.0208962732557470
0.0208228999880210
0.0208611574568923
0.0208058297380399
0.0207923840204258
0.0208039606451695
0.0208264434636023
0.0208035416675470
0.0207555122850561
0.0207619995714033
0.0207811089068919
0.0207628925401114
0.0207515233664673
0.0207668285764717
0.0207468577821282
0.0207789592097776
0.0207716843180394
0.0207635872147301
0.0207169601162361
0.0207247915987038
0.0207509401884363
0.0207276429982451
0.0207077808224591
0.0207647908720310
0.0207547040353003
0.0207473404346407
0.0207277772620662
0.0207517893947244
0.0207283213002375
0.0206959651037292
0.0207001493862654
0.0207489862489899
0.0206640943754723
0.0207254574848095
0.0207168414464161
0.0206845157585355
0.0207253102400297
0.0207050463252437
0.0207444652261976
0.0207252177573444
0.0207343596387710
0.0206946833274611
0.0207229849518722
0.0206379612887075
0.0207275985334371
0.0206497089469230
0.0207280342277453
0.0206697365570351
0.0207663358375048
0.0206534072943460
0.0207263247451311
0.0207547463166182
0.0207250491522397
0.0207770621327218
0.0207396593574645
0.0207715825265482
0.0207874834373709
0.0208111996991255
0.0207697024843416
0.0207858911956425
0.0207883492705871
0.0207247456678008
0.0207568832930604
0.0207177153479188
0.0207888414076009
0.0207753940891879
0.0208209841749702
0.0208371407455868
0.0208180181199592
0.0207846998050499
0.0207505868804449
0.0208365476132975
0.0207751348028794
0.0208587147535455
0.0207659939957069
0.0208713481888136
0.0208714249252546
0.0207922988762808
0.0209452299067766
0.0208940696437190
0.0209236476356694
0.0208377021526697
0.0208495183878083
0.0209102832716857
0.0210279891657976
0.0209092673361133
0.0209624878049301
0.0208752193184323
0.0210055874135739
0.0210244251398058
0.0209708804283255
0.0210552293884539
0.0210649888804228
0.0210194352683024
0.0209917904022105
0.0210362415824767
0.0210267029738869
0.0209935078737760
0.0210457832611542
0.0209958867639479
0.0208933682923071
0.0210687098634600
0.0209640359418027
0.0210374487090287
0.0210600516286441
0.0210436074139909
0.0210942847282973
0.0211573132574686
0.0210642034082477
0.0211371488209457
0.0211302755223341
0.0211924224832678
0.0211974758362769
0.0211104592577426
0.0212542518382299
0.0212660584271418
0.0211113552486044
0.0211259544855043
0.0213234101695228
0.0214114669501995
0.0212890437401024
0.0213809346273804
0.0212167623994456
0.0214055767236531
0.0212556332387996
0.0212911398279103
0.0212736343683387
0.0214088638364534
0.0213857808285622
0.0214208876962211
0.0212498205960039
0.0213207143718647
0.0212929024870309
0.0214543531889613
0.0213897307444399
0.0214477626255238
0.0214133251335596
0.0214127430530805
0.0212761392761375
0.0213489893806726
0.0213800051055260
0.0215965896770302
0.0216616484973970
0.0215117117374030
0.0216471653788330
0.0215337094538089
0.0214523029810443
0.0215915840936668
0.0216500022795287
0.0217319125184564
0.0217894526394227
0.0216495754216493
0.0215067556779604
0.0215745793980088
0.0216995761204935
0.0216846623644659
0.0217411346993381
0.0214610108683789
0.0216007757583042
0.0215650808213250
0.0216503095132720
0.0217017020500430
0.0216835092369388
0.0218797674643363
0.0217482448427041
0.0217521448428945
0.0219730070351338
0.0219193560767827
0.0217666773055427
0.0218127270693042
0.0218677665771642
0.0219105305122939
0.0220041493655951
0.0218219679478068
0.0220306909514077
0.0221175312427787
0.0221149669707773
0.0219896044284615
0.0223141231460754
0.0220693413277376
0.0221279045655496
0.0219614222694667
0.0220248415708123
0.0221271078126283
0.0218510086199575
0.0221929728520151
0.0219183986666629
0.0222426339410411
0.0222139627918571
0.0221525661308615
0.0220658286377877
0.0221188267255438
0.0221284640607851
0.0221150438964718
0.0224968455859327
0.0223428932626021
0.0218378314239367
0.0225457722594406
0.0221760985022880
0.0225966322968729
0.0223530007139781
0.0225314832260598
0.0225028668668964
0.0222761964095376
0.0221227990573378
0.0227446940489021
0.0222038742557751
0.0225234825646901
0.0226359007993441
0.0223549462499298
0.0222826747043972
0.0226679908680566
0.0223804068279756
0.0222144306588661
0.0226378309882252
0.0224559764416511
0.0228506153283092
0.0224724532455441
0.0223930009288575
0.0226784108857011
0.0224025508044622
0.0227082891157043
0.0224027781680850
0.0225320487034203
0.0227885763332997
0.0224869254850833
0.0225735872182561
0.0229596403222705
0.0221676095579695
0.0235198668150971
0.0229154493341656
0.0228292879109139
0.0231091788806381
0.0230874047032199
0.0227534751739659
0.0229445222165331
0.0230219064761564
0.0229180674765747
0.0231821009552371
0.0231699810849601
0.0228902072719448
0.0226198485103978
0.0230702665126159
0.0226256457677479
0.0231420398048009
0.0230918522732454
0.0232813930044599
0.0226918199750004
0.0229674930673523
0.0229700300158791
0.0230485506909581
0.0232885637605591
0.0229993618666632
0.0229828262743749
0.0226596573447733
0.0233064058262947
0.0234873459664575
0.0235126825835456
0.0234089464729797
0.0234228922241785
0.0230116497307678
0.0234355128393460
0.0237818772909190
0.0230464799557037
0.0238476073421748
0.0233477694284354
0.0233761180943544
0.0238378908534380
0.0234432212867282
0.0236974535782251
0.0236971490456301
0.0236541429748801
0.0236184722607652
0.0231721318848229
0.0232687389183511
0.0235063683829821
0.0236051036932055
0.0232864764320488
0.0238332935361843
0.0236883461748807
0.0238913470181769
0.0233990293915140
0.0236956507299825
0.0233657773689433
0.0236557646247019
0.0235155244078727
0.0233483419029152
0.0236320831222963
0.0238561041316469
0.0237840526771107
0.0241019077365823
0.0236044326112370
0.0237569391600365
0.0241014474448618
0.0240142544569604
0.0240388046561526
0.0238921262170553
0.0235247517874473
0.0238641560603334
0.0243485059905673
0.0238925421713477
0.0239707379593295
0.0239842700291227
0.0240077588780912
0.0242901666275879
0.0245306090993871
0.0234464430233804
0.0248393102078716
0.0238064062722924
0.0241605389048714
0.0245428106726589
0.0242686422671780
0.0240781117215520
0.0236684760066503
0.0237140227177260
0.0239181591190245
0.0243880767324299
0.0241531910821297
0.0248474730649495
0.0244240110466144
0.0239554943766879
0.0247912398789157
0.0241452206299928
0.0242035229880954
0.0239643034852504
0.0249399658667813
0.0246817042982214
0.0247402197775438
0.0237894281818398
0.0241507759575350
0.0248649198719088
0.0241501666609539
0.0243683262463037
0.0242465437676416
0.0252358346559638
0.0244864258338206
0.0243003901672404
0.0242432672252992
0.0250885398419057
0.0249007790751645
0.0242380788216808
0.0248877482841287
0.0240573145558134
0.0257196256356992
0.0247019347836336
0.0241335563595819
0.0240803998776802
0.0245764710296319
0.0253002845662635
0.0245997057206846
0.0246696776777895
0.0244616887370279
0.0254541105978113
0.0253374886328511
0.0247766132696844
0.0246184710841933
0.0240107597892281
0.0249097039850697
0.0244109679445740
0.0249524171312076
0.0249146683674892
0.0252524468576402
0.0246331605943510
0.0257241130395789
0.0252406733901094
0.0245534305157660
0.0249547544460260
0.0255236166978014
0.0247769212768315
0.0255385508691267
0.0244940544899819
0.0251261891775549
0.0250270596473481
0.0247675019123067
0.0256934064791485
0.0253482585093600
0.0251880184794357
0.0248278170364011
0.0251193032137790
0.0251768224034925
0.0257610625986023
0.0258914699660613
0.0259544504649028
0.0250800146295888
0.0253047253568935
0.0258079281020490
0.0251154721041139
0.0260317779580762
0.0256975712725306
0.0257130734096899
0.0254461394752069
0.0252855068485293
0.0252686069803837
0.0256312449855777
0.0252159162827515
0.0260767912135453
0.0253512838765356
0.0253799760893038
0.0255770291901951
0.0261621945716097
0.0247556575445440
0.0254565662396690
0.0257305667065947
0.0263254367726547
0.0259708733764112
0.0252691836553478
0.0252193681851901
0.0264958070430670
0.0256978036659017
0.0253748208281018
0.0260231844504477
0.0254865131682347
0.0252040694125920
0.0265188119596479
0.0262363117988950
0.0245719403013381
0.0266390959959705
0.0264264519696345
0.0263597847108347
0.0263520716463597
0.0256174496997463
0.0264660802811207
0.0265051237633146
0.0260774260655750
0.0265231912572175
0.0270099234512700
0.0265003073995264
0.0273555261439923
0.0263773269080666
0.0263480896889345
0.0256582774576776
0.0282688527147580
0.0268181032346428
0.0262882974892703
0.0262694967478730
0.0268208730740156
0.0264989166977926
0.0258719294309509
0.0259843080199021
0.0256852326546643
0.0275563440767593
