30.0 2.58629e-07
31.0 1.00689e-06
32.0 1.23084e-07
33.0 6.47094e-07
34.0 -1.66996e-07
35.0 -1.23237e-07
36.0 4.50518e-07
37.0 8.3972e-07
38.0 3.0439e-07
39.0 -1.54845e-06
40.0 -5.54731e-08
41.0 -3.0109e-07
42.0 -4.47623e-07
43.0 2.95225e-07
44.0 -7.00352e-08
45.0 -2.64473e-07
46.0 2.05236e-08
47.0 1.6758e-07
48.0 -6.43657e-07
49.0 -1.58006e-07
50.0 -5.08554e-07
51.0 -1.88409e-07
52.0 5.73219e-07
53.0 -2.2304e-07
54.0 2.02323e-08
55.0 6.53009e-08
56.0 1.98366e-08
57.0 -5.46007e-07
58.0 4.55743e-07
59.0 3.48308e-07
60.0 1.98903e-08
61.0 1.49303e-07
62.0 -2.54933e-10
63.0 -6.22784e-07
64.0 5.05192e-07
65.0 -6.70748e-08
66.0 -4.19862e-08
67.0 3.27246e-07
68.0 1.58816e-07
69.0 1.40176e-07
70.0 8.11092e-08
71.0 -1.01453e-06
72.0 2.35844e-07
73.0 -2.31566e-08
74.0 1.19027e-07
75.0 -9.50287e-07
76.0 2.31774e-07
77.0 -1.61418e-07
78.0 -3.54092e-07
79.0 1.90599e-08
80.0 1.24605e-07
81.0 4.01566e-07
82.0 2.56291e-07
83.0 -3.2032e-08
84.0 1.76285e-07
85.0 -8.59385e-08
86.0 -3.82041e-07
87.0 -1.71229e-07
88.0 2.90849e-08
89.0 -4.47713e-08
90.0 1.46511e-07
91.0 1.43996e-07
92.0 -4.79246e-07
93.0 -2.04192e-07
94.0 -7.74145e-07
95.0 -5.89513e-08
96.0 -7.84021e-08
97.0 3.59352e-07
98.0 2.98685e-07
99.0 -1.22713e-07
100.0 -2.63936e-07
101.0 -5.27062e-07
102.0 -3.9872e-07
103.0 -2.10626e-07
104.0 -7.46322e-08
105.0 -3.44027e-07
106.0 -1.90732e-07
107.0 4.91988e-08
108.0 9.77109e-08
109.0 -1.47095e-07
110.0 9.67755e-08
111.0 -3.02486e-08
112.0 -2.06251e-07
113.0 -1.73493e-07
114.0 2.11429e-07
115.0 1.59285e-07
116.0 1.67532e-07
117.0 -7.26132e-08
118.0 2.01246e-08
119.0 1.02986e-07
120.0 1.12362e-07
121.0 3.91142e-08
122.0 1.2604e-07
123.0 2.88691e-07
124.0 1.7618e-07
125.0 9.94962e-08
126.0 2.1244e-07
127.0 3.01246e-07
128.0 2.10195e-07
129.0 1.70563e-07
130.0 1.01497e-07
131.0 2.70155e-07
132.0 2.82854e-07
133.0 2.01651e-07
134.0 1.14669e-07
135.0 1.58846e-07
136.0 1.38565e-07
137.0 2.37636e-07
138.0 6.80298e-08
139.0 6.5949e-08
140.0 2.73071e-07
141.0 1.87555e-07
142.0 -4.80874e-08
143.0 4.67468e-08
144.0 2.15401e-07
145.0 3.8951e-08
146.0 -9.25609e-08
147.0 4.76588e-09
148.0 3.03989e-07
149.0 2.75427e-07
150.0 1.29664e-07
151.0 5.2325e-07
152.0 1.31922e-06
153.0 1.44179e-06
154.0 1.4444e-06
155.0 1.45419e-06
156.0 2.07745e-07
157.0 1.68605e-06
158.0 2.15122e-06
159.0 1.07159e-06
160.0 2.02571e-06
161.0 2.62573e-06
162.0 2.65341e-06
163.0 2.76278e-06
164.0 3.05679e-06
165.0 2.49216e-06
166.0 4.2204e-06
167.0 4.31144e-06
168.0 5.518e-06
169.0 6.19405e-06
170.0 1.78441e-06
171.0 4.17752e-06
172.0 4.96885e-06
173.0 2.69128e-06
174.0 1.78241e-06
175.0 2.00585e-07
176.0 2.50337e-06
177.0 -6.93076e-07
178.0 3.20724e-07
179.0 2.04469e-06
180.0 -1.01634e-06
181.0 8.96423e-07
182.0 3.07895e-06
183.0 1.6525e-06
184.0 -5.83773e-07
185.0 -1.14473e-06
186.0 -8.42273e-06
187.0 -4.71023e-06
188.0 3.16582e-06
189.0 -1.70847e-07
190.0 3.06601e-07
191.0 6.64635e-08
192.0 -3.13948e-07
193.0 -2.79098e-06
194.0 8.42391e-08
195.0 -8.61422e-06
196.0 1.23957e-07
197.0 6.11739e-06
198.0 -5.20439e-06
199.0 -6.92405e-06
200.0 4.82332e-06
201.0 5.73513e-06
202.0 4.30462e-07
203.0 3.25908e-06
204.0 -9.98762e-06
205.0 -1.78303e-06
206.0 -4.24256e-06
207.0 -4.33e-06
208.0 4.03129e-06
209.0 6.33959e-06
210.0 -1.08799e-06
211.0 -7.27877e-06
212.0 4.39095e-06
213.0 -2.1036e-05
214.0 -1.39926e-05
215.0 4.11232e-06
216.0 -1.49126e-05
217.0 8.16579e-06
218.0 -1.30602e-05
219.0 -7.96943e-07
220.0 1.03417e-05
221.0 6.4281e-06
222.0 -2.73098e-06
223.0 -1.60408e-06
224.0 -2.66634e-06
225.0 2.2916e-06
226.0 -4.18295e-06
227.0 -6.90838e-07
228.0 2.87472e-06
229.0 -3.27013e-07
230.0 -4.79597e-06
231.0 -2.8487e-06
232.0 -1.40017e-05
233.0 6.9966e-06
234.0 -1.35451e-05
235.0 -3.34179e-06
236.0 2.825e-06
237.0 -7.81677e-07
238.0 6.90214e-06
239.0 1.40969e-05
240.0 -1.27893e-05
241.0 1.33035e-05
242.0 5.35337e-06
243.0 -1.39027e-05
244.0 -4.77241e-07
245.0 -1.10066e-05
246.0 -3.11652e-06
247.0 2.40048e-05
248.0 -1.52783e-06
249.0 -6.42086e-07
250.0 1.1503e-05
251.0 2.30812e-05
252.0 -3.12885e-06
253.0 -4.10283e-05
254.0 -1.0165e-05
255.0 -2.95118e-06
256.0 -1.28263e-05
257.0 2.87153e-05
258.0 -1.47343e-05
259.0 2.13239e-05
260.0 -2.21422e-05
261.0 -1.0897e-05
262.0 2.00783e-05
263.0 -1.51617e-05
264.0 -3.58631e-05
265.0 -1.23555e-05
266.0 3.12074e-05
267.0 3.89323e-06
268.0 1.31462e-06
269.0 -1.35835e-05
270.0 -2.62088e-05
271.0 -2.22573e-05
272.0 4.37345e-05
273.0 4.1732e-05
274.0 3.2613e-05
275.0 1.04721e-05
276.0 -1.78355e-05
277.0 1.88878e-06
278.0 1.30486e-05
279.0 -9.76706e-06
280.0 1.4182e-05
281.0 -2.46654e-05
282.0 2.89168e-05
283.0 -9.10255e-06
284.0 1.44951e-05
285.0 -4.37823e-05
286.0 -2.80285e-05
287.0 -1.05485e-05
288.0 6.4315e-06
289.0 5.02527e-05
290.0 1.77548e-06
291.0 -1.65811e-05
292.0 1.61958e-05
293.0 5.2524e-05
294.0 6.32612e-06
295.0 6.35871e-06
296.0 -4.38213e-05
297.0 1.38005e-05
298.0 3.92425e-05
299.0 3.13921e-05
300.0 2.95242e-05
301.0 -4.19034e-06
302.0 -7.63332e-06
303.0 1.8043e-06
304.0 7.85769e-06
305.0 2.39261e-05
306.0 2.04495e-05
307.0 8.05604e-05
308.0 -4.73476e-06
309.0 -9.6217e-05
310.0 -6.35869e-05
311.0 -3.8978e-05
312.0 8.42501e-05
313.0 -2.20194e-05
314.0 -2.84271e-05
315.0 -3.27503e-05
316.0 -0.00010008
317.0 -3.86755e-05
318.0 1.692e-05
319.0 1.46022e-05
320.0 6.93269e-06
321.0 7.83565e-05
322.0 3.56165e-05
323.0 1.0108e-05
324.0 1.87921e-05
325.0 8.05026e-05
326.0 -1.70568e-05
327.0 -1.69061e-05
328.0 5.76965e-05
329.0 -9.6524e-07
330.0 5.29699e-05
331.0 4.92822e-05
332.0 -1.24528e-05
333.0 5.58097e-05
334.0 5.06397e-05
335.0 9.34662e-06
336.0 5.56366e-05
337.0 -8.30921e-05
338.0 8.64905e-05
339.0 -0.000163093
340.0 -5.4873e-05
341.0 4.21776e-05
342.0 -4.30792e-05
343.0 -9.09911e-05
344.0 2.06172e-05
345.0 -6.09362e-05
346.0 -1.03029e-05
347.0 2.25209e-05
348.0 6.29135e-05
349.0 -1.71171e-05
350.0 -9.99308e-05
351.0 0.000139946
352.0 9.19401e-05
353.0 9.40188e-05
354.0 -3.98983e-05
355.0 6.10352e-06
356.0 3.00942e-05
357.0 -9.54954e-05
358.0 6.08022e-05
359.0 7.47579e-05
360.0 0.00016264
361.0 -1.30178e-05
362.0 5.35553e-05
363.0 -0.000112864
364.0 -3.78747e-05
365.0 -8.79e-05
366.0 -1.51829e-05
367.0 2.4579e-06
368.0 -6.72931e-05
369.0 -0.00010109
370.0 -3.54327e-05
371.0 -7.50502e-05
372.0 -3.59805e-05
373.0 -6.70143e-06
374.0 -1.94034e-06
375.0 0.000178605
376.0 -2.97389e-05
377.0 9.16283e-05
378.0 6.42025e-05
379.0 4.18587e-05
380.0 8.89126e-05
381.0 -7.06098e-05
382.0 -4.73212e-05
383.0 0.000181587
384.0 0.000205102
385.0 0.000109982
386.0 -1.06987e-05
387.0 0.000185232
388.0 0.000177061
389.0 -2.64826e-05
390.0 -3.5281e-05
391.0 1.95416e-06
392.0 -0.000183185
393.0 7.66209e-05
394.0 -0.000222691
395.0 -0.000191167
396.0 6.10152e-05
397.0 -2.36845e-06
398.0 7.16317e-05
399.0 8.03045e-05
400.0 0.00021642
401.0 9.77148e-05
402.0 2.4816e-05
403.0 -0.000336371
404.0 7.39037e-05
405.0 -0.00034992
406.0 -7.2959e-05
407.0 -9.03781e-05
408.0 7.04507e-05
409.0 -0.000275661
410.0 -0.000146112
411.0 -8.52591e-05
412.0 -6.57027e-05
413.0 0.000162283
414.0 -5.56259e-05
415.0 -9.14498e-05
416.0 0.000246597
417.0 6.83278e-05
418.0 3.31641e-05
419.0 -8.74327e-05
420.0 0.000291586
421.0 -0.00018272
422.0 4.11071e-05
423.0 -0.000215793
424.0 -6.87357e-05
425.0 -0.00021097
426.0 6.45694e-05
427.0 7.33093e-05
428.0 -3.06879e-05
429.0 -0.000177726
430.0 -0.00011153
431.0 -0.000280841
432.0 -0.00022971
433.0 1.0292e-05
434.0 -0.0003608
435.0 2.99508e-06
436.0 6.79844e-05
437.0 -2.16851e-05
438.0 -3.36062e-06
439.0 1.7401e-05
440.0 -4.05287e-05
441.0 -0.000286867
442.0 -6.48133e-05
443.0 0.000126471
444.0 9.9358e-05
445.0 -5.86048e-05
446.0 1.61734e-05
447.0 -0.000177798
448.0 0.000213735
449.0 0.000334513
450.0 -0.000188138
451.0 0.000428202
452.0 0.000397875
453.0 3.55542e-05
454.0 -6.0896e-05
455.0 9.15007e-05
456.0 -0.00014823
457.0 0.00011174
458.0 0.000123807
459.0 2.6133e-05
460.0 -0.00039678
461.0 0.000181728
462.0 -0.000457293
463.0 8.99429e-05
464.0 3.13624e-05
465.0 0.000209301
466.0 0.000127234
467.0 0.000190551
468.0 -0.000333152
469.0 0.000130033
470.0 -0.000190534
471.0 2.54927e-05
472.0 -0.000411736
473.0 -0.000511287
474.0 0.000314706
475.0 0.000216203
476.0 -0.000349159
477.0 -0.000335431
478.0 0.000654017
479.0 0.000415512
480.0 0.000500721
481.0 0.000345003
482.0 -0.000411797
483.0 0.00100984
484.0 -0.000251583
485.0 0.000242013
486.0 -0.000813945
487.0 0.00107939
488.0 0.000336955
489.0 1.72218e-05
490.0 -0.000405379
491.0 -0.000212998
492.0 -0.000579129
493.0 0.000352934
494.0 0.000307235
495.0 0.000145267
496.0 0.000476119
497.0 -0.000145927
498.0 -0.000606104
499.0 -9.73797e-05
500.0 -0.000116273
501.0 0.000300911
502.0 0.000390761
503.0 0.000138405
504.0 0.000861347
505.0 -0.000429562
506.0 -4.58447e-05
507.0 0.000179568
508.0 0.000272272
509.0 0.000742324
510.0 0.000540432
511.0 0.000269218
512.0 -0.000882402
513.0 -0.000131457
514.0 0.000611728
515.0 0.000304685
516.0 0.000245717
517.0 -0.00100042
518.0 -0.000872182
519.0 -0.000800118
520.0 -7.79726e-05
521.0 -0.000386164
522.0 -0.000114927
523.0 2.49832e-05
524.0 4.88853e-05
525.0 -0.000182164
526.0 0.000139582
527.0 -0.00040724
528.0 -0.00042265
529.0 -0.000252485
530.0 -0.000780815
531.0 0.000613674
532.0 0.000116977
533.0 3.53386e-05
534.0 0.000444125
535.0 0.000923908
536.0 -9.64793e-05
537.0 -0.000262134
538.0 0.000672467
539.0 0.000339879
540.0 0.000678165
541.0 -0.00058043
542.0 0.000238987
543.0 -0.000226445
544.0 -0.000595488
545.0 0.000604189
546.0 -0.00130584
547.0 9.52467e-05
548.0 0.000350228
549.0 -0.00089436
550.0 -0.000565663
551.0 0.000268995
552.0 -0.000287722
553.0 -5.17276e-05
554.0 0.000441451
555.0 0.000414634
556.0 -0.00171
557.0 0.000650538
558.0 -0.000846176
559.0 0.000708966
560.0 0.00116651
561.0 0.00141947
562.0 0.00160045
563.0 -0.000211871
564.0 -0.000877698
565.0 0.00140794
566.0 -0.000152133
567.0 -0.000261332
568.0 0.00106622
569.0 0.000352089
570.0 0.000188558
571.0 0.000623206
572.0 -0.000205159
573.0 -0.00197975
574.0 0.000409699
575.0 -0.00081459
576.0 0.00188288
577.0 -0.000201217
578.0 -0.00177886
579.0 0.000868759
580.0 -0.000964748
581.0 -0.000389774
582.0 -0.00132845
583.0 -0.000234019
584.0 0.00021339
585.0 -0.000638929
586.0 -0.000398767
587.0 0.00179108
588.0 -0.00187678
589.0 0.002234
590.0 0.000845737
591.0 0.000378546
592.0 -0.00111928
593.0 0.000525211
594.0 9.30075e-05
595.0 0.000256823
596.0 0.000760285
597.0 0.000324524
598.0 0.000224316
599.0 0.000341243
600.0 -0.00117273
601.0 -0.00159079
602.0 -0.000526049
603.0 -0.00225028
604.0 0.000630524
605.0 0.000144389
606.0 -0.000533737
607.0 -0.00169773
608.0 0.00022343
609.0 0.000250146
610.0 -0.000789882
611.0 -0.000161586
612.0 -0.00149822
613.0 0.000183672
614.0 -0.00131625
615.0 0.00165274
616.0 0.000179367
617.0 5.49044e-05
618.0 0.000174598
619.0 -0.000697179
620.0 -0.000912008
621.0 0.000953345
622.0 0.000106132
623.0 -0.000880244
624.0 -0.000174018
625.0 0.000120913
626.0 0.00130236
627.0 0.00296852
628.0 0.000505088
629.0 0.00119696
630.0 0.00261609
631.0 0.000970643
632.0 -0.000210367
633.0 -0.00112012
634.0 -0.000666689
635.0 2.76986e-06
636.0 0.000880357
637.0 -0.00114894
638.0 0.00113742
639.0 0.00030933
640.0 0.00172907
641.0 2.33031e-06
642.0 2.84196e-05
643.0 -0.00101214
644.0 -0.000379815
645.0 -0.000177141
646.0 -8.55362e-05
647.0 -0.000132668
648.0 0.00187859
649.0 6.04128e-05
650.0 0.00118052
651.0 -0.000735272
652.0 5.28956e-05
653.0 0.000820486
654.0 0.000431247
655.0 0.00040384
656.0 2.1066e-06
657.0 -0.00121089
658.0 -0.000364563
659.0 0.00273454
660.0 -0.000284659
661.0 -0.000671649
662.0 0.000732143
663.0 6.78322e-05
664.0 1.88134e-05
665.0 0.00173882
666.0 -0.00207486
667.0 0.00201183
668.0 0.000509064
669.0 -0.000117675
670.0 0.0013788
671.0 0.00151911
672.0 -0.00241034
673.0 -0.00135241
674.0 -0.000899289
675.0 -0.00285266
676.0 -0.000178631
677.0 0.000120327
678.0 0.00267847
679.0 0.000814294
680.0 -0.000330859
681.0 0.00125307
682.0 -0.00226377
683.0 -0.000418362
684.0 -0.00192861
685.0 0.00239627
686.0 0.000670188
687.0 -0.00201884
688.0 -0.00117097
689.0 -0.00165789
690.0 -0.000728188
691.0 -0.00226096
692.0 0.00188991
693.0 -0.000130046
694.0 0.0037271
695.0 0.00310457
696.0 -0.000489892
697.0 -0.00105728
698.0 0.00118101
699.0 -0.000920668
700.0 -0.00170733
701.0 0.000732936
702.0 -0.00414846
703.0 0.00340232
704.0 -0.00256637
705.0 -0.00323679
706.0 -0.000992383
707.0 -3.54897e-05
708.0 0.00166488
709.0 -0.00161195
710.0 -0.00146711
711.0 -0.000243113
712.0 0.00294342
713.0 0.00255346
714.0 -0.00460646
715.0 -0.00219379
716.0 -0.0017442
717.0 0.000457478
718.0 -0.00179836
719.0 -0.00173325
720.0 0.000752561
721.0 -0.00163475
722.0 -0.00193166
723.0 0.000310716
724.0 0.000392421
725.0 -0.00169828
726.0 -0.000191202
727.0 1.83411e-08
728.0 -0.000263781
729.0 0.00265868
730.0 -0.00100604
731.0 0.000283666
732.0 -0.00208475
733.0 -0.00461964
734.0 0.000939982
735.0 -0.00025492
736.0 8.81586e-05
737.0 0.000424116
738.0 -0.00192057
739.0 -0.0016783
740.0 0.00324919
741.0 0.00208015
742.0 0.00155375
743.0 -0.00321797
744.0 0.00327036
745.0 0.00116445
746.0 0.00046119
747.0 0.00116259
748.0 -7.98646e-05
749.0 0.000207383
750.0 0.0010355
751.0 -0.00318028
752.0 0.00162267
753.0 -0.000184583
754.0 -0.00067994
755.0 -0.00115049
756.0 -0.00124434
757.0 -0.00357826
758.0 9.26218e-05
759.0 0.001452
760.0 -0.003116
761.0 0.000314341
762.0 -0.000521643
763.0 0.00331134
764.0 0.00114859
765.0 0.000437565
766.0 -1.22987e-06
767.0 0.00318459
768.0 0.00146249
769.0 -0.00286794
770.0 -0.00209761
771.0 -0.000461212
772.0 -0.00206481
773.0 -0.00262671
774.0 0.00198923
775.0 -0.00602887
776.0 -0.000155512
777.0 -0.000236234
778.0 0.000702462
779.0 0.00367839
780.0 -0.00303752
781.0 0.00363274
782.0 0.00069129
783.0 0.00436654
784.0 -0.00169768
785.0 0.000440328
786.0 0.00106353
787.0 0.00373277
788.0 0.00254579
789.0 0.00159708
790.0 -0.00012007
791.0 0.00579189
792.0 0.00223272
793.0 -0.000987145
794.0 0.00225958
795.0 0.00389042
796.0 0.00245453
797.0 -0.00207764
798.0 0.000789574
799.0 -0.00636907
800.0 0.00510757
