5.0 338098927.9025606513023376 49526.6512299638416152 -0.1233796992991499
6.0 335883548.9070827364921570 71276.1956157580716535 -0.2400200048513619
7.0 333674465.7054793238639832 96956.6051548330724472 -0.4145287633334047
8.0 331471716.3984822630882263 126560.0955682934873039 -0.6543027885045266
9.0 329275339.5501912236213684 160078.6673096039157826 -0.9610029400158256
10.0 327085374.1962548494338989 197504.0996386779006571 -1.3282941720005184
11.0 324901859.8522382378578186 238827.9445255554746836 -1.7394165111835134
12.0 322724836.5221746563911438 284041.5203790174564347 -2.1645773896745593
13.0 320554344.7073158025741577 333135.9055953945498914 -2.5581553188960653
14.0 318390425.4150735139846802 386101.9319227674277499 -2.8557044407425889
15.0 316233120.1681664586067200 442930.1776356733171269 -2.9707490315002776
16.0 314082471.0139721035957336 503610.9605153691954911 -2.7913565638199018
17.0 311938520.5340915918350220 568134.3306306523736566 -2.1764774535644582
18.0 309801311.8541303277015686 636490.0629141837125644 -0.9520391333773781
19.0 307670888.6537023186683655 708667.6495292166946456 1.0932183948224330
20.0 305547295.1766587495803833 784656.2920216048369184 4.2121788687698896
21.0 303430576.2415536046028137 864444.8932519444497302 8.7040717686785101
22.0 301320777.2523447871208191 948022.0491027091629803 14.9194943355989729
23.0 299217944.2093405723571777 1035376.0399552171584219 23.2657484100167800
24.0 297122123.7203970551490784 1126494.8219313384033740 34.2125073665470509
25.0 295033363.0123712420463562 1221366.0178948584944010 48.2978288783071505
26.0 292951709.9428364038467407 1319976.9082074977923185 66.1345296795611119
27.0 290877213.0120675563812256 1422314.4212346761487424 88.4169389053227803
28.0 288809921.3753028512001038 1528365.1235962293576449 115.9280469603377526
29.0 286749884.8552864193916321 1638115.2101574358530343 149.5470672061910875
30.0 284697153.9551015496253967 1751550.4937558467499912 190.2574280338540120
31.0 282651779.8713021874427795 1868656.3946597382891923 239.1552131167664754
32.0 280613814.5073447227478027 1989417.9297541121486574 297.4580677795901238
33.0 278583310.4873375296592712 2113819.7014505844563246 366.5145894922466141
34.0 276560321.1701055169105530 2241845.8863178580068052 447.8142204520879091
35.0 274544900.6635854840278625 2373480.2234297562390566 542.9976600740500317
36.0 272537103.8395575881004333 2508706.0024284147657454 653.8678149055800759
37.0 270536986.3487216830253601 2647506.0513006784021854 782.4013030573539709
38.0 268544604.6361275315284729 2789862.7238663756288588 930.7605296006978506
39.0 266560015.9569689035415649 2935757.8869777885265648 1101.3063485715288152
40.0 264583278.3927497267723083 3085172.9074305733665824 1296.6113261412056090
41.0 262614450.8678324222564697 3238088.6385869765654206 1519.4736182044723591
42.0 260653593.1663797199726105 3394485.4067135392688215 1772.9314740106190129
43.0 258700765.9496952295303345 3554342.9970362079329789 2060.2783754601618966
44.0 256756030.7739816606044769 3717640.6395174185745418 2385.0788194111064513
45.0 254819450.1085164248943329 3884356.9943606215529144 2751.1847474607247932
46.0 252891087.3542653322219849 4054470.1372496928088367 3162.7526244975811096
47.0 250971006.8629386425018311 4227957.5443321857601404 3624.2611634207369207
48.0 249059273.9565033614635468 4404796.0769571671262383 4140.5296890409890693
49.0 247155954.9471625983715057 4584961.9661807669326663 4716.7371290894443518
50.0 245261117.1578125059604645 4768430.7970546614378691 5358.4416143182334054
51.0 243374828.9429894983768463 4955177.4927153289318085 6071.6006630705505813
52.0 241497159.7103184163570404 5145176.2982950620353222 6862.5919179024494952
53.0 239628179.9424735605716705 5338400.7646782388910651 7738.2343933024949365
54.0 237767961.2196630537509918 5534823.7321306131780148 8705.8101835596316960
55.0 235916576.2426512241363525 5734417.3138325614854693 9773.0865686345296126
56.0 234074098.8563267886638641 5937152.8793518561869860 10948.3384436800515687
57.0 232240604.0738318264484406 6143001.0380959287285805 12240.3709831527321512
58.0 230416168.1012603342533112 6351931.6227887850254774 13658.5424352561567503
59.0 228600864.1476410329341888 6563913.3539985893294215 15212.8012590265479957
60.0 226794790.2076388597488403 6778915.1942207887768745 16913.6464447737489536
61.0 224998005.3382362425327301 6996904.1231743106618524 18772.2516540382384846
62.0 223210592.5346370041370392 7217846.7033841814845800 20800.4132879931858042
63.0 221432635.7986421585083008 7441708.6405172757804394 23010.5917134825103858
64.0 219664220.1940751969814301 7668454.7684157388284802 25415.9314915111426672
65.0 217905431.9048362672328949 7898049.0346587318927050 28030.2803768880148709
66.0 216156358.2944553196430206 8130454.4867547769099474 30868.2067736223980319
67.0 214417087.9660356938838959 8365633.2590797105804086 33945.0152899932581931
68.0 212687710.8215983808040619 8603546.5606869943439960 37276.7599931941294926
69.0 210968318.1200616955757141 8844154.6641319505870342 40880.2549150458798977
70.0 209259002.5333981215953827 9087416.8954658303409815 44773.0813072900637053
71.0 207559858.2009148299694061 9333291.6255713663995266 48973.5910876487760106
72.0 205870980.7820473313331604 9581736.2630288153886795 53500.9058545169245917
73.0 204192467.5085248649120331 9832707.2487199958413839 58374.9107810026325751
74.0 202524417.2371727824211121 10086160.0523992385715246 63616.2426246502873255
75.0 200866926.0088891088962555 10342049.2408897615969181 69246.2680558359716088
76.0 199220103.7980868816375732 10600328.2024276610463858 75287.0697575158410473
77.0 197584052.3668550848960876 10860949.5517913643270731 81761.3923345522343880
78.0 195958877.9399124085903168 11123864.8881884403526783 88692.6097910240059718
79.0 194344653.7898567616939545 11389025.6349047664552927 96104.6276020394871011
80.0 192741568.5063492953777313 11656379.8036097213625908 104021.9788822734408313
81.0 191149688.3110084831714630 11925877.1662754137068987 112469.4829980968643213
82.0 189569127.4243010878562927 12197465.6423001587390900 121472.3304861598007847
83.0 188000002.0586642026901245 12471092.2937775645405054 131055.9208051048626658
84.0 186442430.4607087671756744 12746703.3616987355053425 141245.7293482240638696
85.0 184896532.9542554616928101 13024244.3088056202977896 152067.1538166654645465
86.0 183362431.9841919243335724 13303659.8697704970836639 163545.3379312286851928
87.0 181840252.1611398458480835 13584894.1094320509582758 175704.9703835727996193
88.0 180330120.3069153726100922 13867890.4898802898824215 188570.0568008364061825
89.0 178832165.5007523894309998 14152591.9472459610551596 202163.6624055659922305
90.0 177346519.1262599229812622 14438940.9791191667318344 216507.6231133444816805
91.0 175873314.9190657436847687 14726879.7435939237475395 231622.2223275094293058
92.0 174412689.0150867700576782 15016350.1710127461701632 247525.8318063561164308
93.0 172964779.9993443191051483 15307294.0895652286708355 264234.5130577448871918
94.0 171529728.9552141726016998 15599653.3659801352769136 281761.5781440127757378
95.0 170107679.5139534175395966 15893370.0626380499452353 300117.1070477737812325
96.0 168698777.9042833149433136 16188386.6125258281826973 319307.4200105572235771
97.0 167303173.0017014145851135 16484646.0135478843003511 339334.5032235326361842
98.0 165921016.3770398795604706 16782092.0438108183443546 360195.3867916972958483
99.0 164552462.3435340523719788 17080669.4996005669236183 381881.4744502847315744
100.0 163197668.0012635588645935 17380324.4578795060515404 404377.8252881153603084
101.0 161856793.2771837115287781 17681004.5652471147477627 427662.3886488490388729
102.0 160530000.9579119086265564 17982659.3554348610341549 451705.1945596275618300
103.0 159217456.7107038199901581 18285240.5975573658943176 476467.5034467650111765
104.0 157919329.0851984024047852 18588702.6775392815470695 501900.9206216108286753
105.0 156635777.8634028434753418 18893003.6373883858323097 527946.4960825033485889
106.0 155367001.2756439149379730 19198103.5223061442375183 554533.7343703986844048
107.0 154113173.5339370369911194 19503967.0462876111268997 581579.7410754630109295
108.0 152874468.2946438193321228 19810563.5728368721902370 608988.2645534604089335
109.0 151651061.7985798418521881 20117867.9725175984203815 636648.7975921239703894
110.0 150443141.1924526691436768 20425860.7480579689145088 664435.7234672257909551
111.0 149250900.7882165312767029 20734528.5215034894645214 692207.5613640014780685
112.0 148074536.8592350780963898 21043864.9110847935080528 719806.3347723532933742
113.0 146914246.4942393302917480 21353871.4619205333292484 747057.0945412237197161
114.0 145770228.6230384707450867 21664558.5301122032105923 773767.6442249676911160
115.0 144642685.0722183585166931 21975946.1678464561700821 799728.5248605238739401
116.0 143531821.0528519451618195 22288065.0567675083875656 824713.3230073282029480
117.0 142437845.2995166182518005 22600957.5054927915334702 848479.3724654891993850
118.0 141360970.5131145715713501 22914678.5073844417929649 870768.9259105486562476
119.0 140301413.9593904912471771 23229296.9021121375262737 891310.8933749004499987
120.0 139259376.6133062243461609 23544897.0028982423245907 909823.4171130434842780
121.0 138235122.7129736840724945 23861577.5636205784976482 926016.2113391632447019
122.0 137228834.4314818680286407 24179457.7882252372801304 939596.2097660611616448
123.0 136240742.7850636839866638 24498674.1144853755831718 950271.0846610026201233
124.0 135271108.0908071100711823 24819383.1803261078894138 957755.7735138647258282
125.0 134320131.3928581178188324 25141764.4453984461724758 961780.5684927686816081
126.0 133388058.3089570552110672 25466020.0229853615164757 962099.0154956537298858
127.0 132475125.6712510287761688 25792377.0060232095420361 958498.5842443880392238
128.0 131581572.7477379441261292 26121088.8008952178061008 950812.3904742414597422
129.0 130707641.7245158851146698 26452436.5899225436151028 938932.6496113281464204
130.0 129853573.8493459820747375 26786731.0121550150215626 922825.9835464557399973
131.0 129019615.7972343564033508 27124313.1804008111357689 902550.1055763843469322
132.0 128205995.2087504118680954 27465556.9749750122427940 878273.0013260721461847
133.0 127413006.3479670286178589 27810867.4840679913759232 850291.3503513004397973
134.0 126640864.7249922305345535 28160687.4214032441377640 819055.6322926091961563
135.0 125889813.9849322140216827 28515492.8924943618476391 785189.4544302498688921
136.0 125160114.6990273892879486 28875796.7402348890900612 749515.0852548644179478
137.0 124452011.8298026025295258 29242148.7997702732682228 713077.2042286228388548
138.0 123765754.1499326676130295 29615135.9942004084587097 677166.6802928810939193
139.0 123101589.1343505829572678 29995382.4372956417500973 643343.6108867616858333
140.0 122459762.6018134057521820 30383549.1235490962862968 613458.5908564653946087
141.0 121840519.1559206098318100 30780333.1386439651250839 589671.1958178426139057
142.0 121244099.8526007384061813 31186466.6644336022436619 574464.8606229959987104
143.0 120670743.7514518052339554 31602715.2346764095127583 570656.5421006162650883
144.0 120120679.9199413359165192 32029875.8272579014301300 581400.3514016739791259
145.0 119594158.5601359307765961 32468773.6793612986803055 610183.3809683778090402
146.0 119091388.1463489830493927 32920260.1811657883226871 660813.1465183140244335
147.0 118612596.6484465748071671 33385208.0825229808688164 737394.3670113483676687
148.0 118158000.2416659891605377 33864507.6921229660511017 844295.0034600945655257
149.0 117727794.7644707411527634 34359062.1576679497957230 986100.3723343522287905
150.0 117322224.7197553962469101 34869780.6432942450046539 1167552.7832272283267230
151.0 116941443.6016511023044586 35397575.0970097184181213 1393482.9703405096661299
152.0 116585652.2000886201858521 35943351.0378578752279282 1668722.6527386950328946
153.0 116255028.5164857655763626 36508002.0359040647745132 1998009.9106200048699975
154.0 115949741.0149540305137634 37092402.1903664246201515 2385882.1531548202037811
155.0 115669947.9570570141077042 37697398.5872371047735214 2836560.7112562227994204
156.0 115415796.9944194257259369 38323803.6671088337898254 3353829.6349453493021429
157.0 115187422.0971054136753082 38972387.4094918817281723 3940911.0706262043677270
158.0 114984953.9467939287424088 39643869.7620612606406212 4600342.1861225971952081
159.0 114808498.8928374499082565 40338913.0570200085639954 5333855.4154387479647994
160.0 114658157.2962695211172104 41058114.9478167071938515 6142269.1386877801269293
161.0 114534015.2620967775583267 41802001.7379697859287262 7025390.7983487965539098
162.0 114436144.9742042720317841 42571022.3186311125755310 7981937.7521141339093447
163.0 114364604.5792950540781021 43365542.8415836021304131 9009479.5122078880667686
164.0 114319437.9202709347009659 44185842.2384400442242622 10104404.6954275835305452
165.0 114300673.8850640207529068 45032108.6984826847910881 11261915.3202939499169588
166.0 114308319.1993097811937332 45904437.4457679688930511 12476051.2927436903119087
167.0 114342401.3784641325473785 46802827.5434985458850861 13739735.1358669530600309
168.0 114402873.6803720295429230 47727185.4502665400505066 15044871.2434065248817205
169.0 114489726.1586808264255524 48677321.2818895131349564 16382434.1924710683524609
170.0 114602905.5843107700347900 49652954.0566549152135849 17742618.0336226411163807
171.0 114742356.1415799856185913 50653712.9714438021183014 19114982.7317282371222973
172.0 114908005.3720909655094147 51679142.0035667344927788 20488628.2724884599447250
173.0 115099766.7554934918880463 52728704.7314881682395935 21852376.6444840654730797
174.0 115317540.1653826832771301 53801790.0663227140903473 23194960.1200149171054363
175.0 115561212.0913993865251541 54897718.7084325477480888 24505209.8960720859467983
176.0 115830655.4168746918439865 56015750.2374750748276711 25772239.7642323337495327
177.0 116125728.2978086471557617 57155090.7668528854846954 26985619.9280383102595806
178.0 116446303.1371129006147385 58314896.9577207341790199 28135523.1879933029413223
179.0 116792192.3077643662691116 59494293.5538429394364357 29212896.9010155983269215
180.0 117163234.3743003010749817 60692370.8650764450430870 30209545.2733857072889805
181.0 117559247.6453941464424133 61908197.1512088701128960 31118243.2421671524643898
182.0 117980041.6557794660329819 63140826.5012415722012520 31932803.9489156380295753
183.0 118425417.1228720545768738 64389305.3292123228311539 32648124.1097096540033817
184.0 118895166.8030127882957458 65652679.4741382151842117 33260205.9738967232406139
185.0 119389076.0996164828538895 66930000.6702708527445793 33766156.4591665938496590
186.0 119906922.8950113356113434 68220333.4452412575483322 34164165.4654417634010315
187.0 120448481.1379115283489227 69522755.1564057022333145 34453466.3464365676045418
188.0 121013519.3262461870908737 70836371.6211474686861038 34634277.3356770724058151
189.0 121601785.0887334793806076 72160313.1424272656440735 34707740.8421721234917641
190.0 122213072.5140708684921265 73493730.3822593837976456 34675825.1085226312279701
191.0 122847103.3465244621038437 74835821.5506362318992615 34541269.0261893123388290
192.0 123503638.4432558864355087 76185810.9967747479677200 34307463.2676636278629303
193.0 124182427.5401023179292679 77542961.5388736426830292 33978371.2677446603775024
194.0 124883208.1823584586381912 78906574.2091795951128006 33558439.0755602493882179
195.0 125605753.5556641966104507 80275991.8343524783849716 33052479.4733015075325966
196.0 126349774.4007935374975204 81650596.9965053200721741 32465632.2370850779116154
197.0 127115043.2361557334661484 83029797.7164552062749863 31803253.6952792629599571
198.0 127901282.9996219724416733 84413068.2365500777959824 31070817.9225272759795189
199.0 128708243.5406443923711777 85799902.9681538790464401 30273893.0581872165203094
200.0 129535671.9498267918825150 87189838.4793466031551361 29418052.7537330426275730
201.0 130383306.0237640589475632 88582451.3241048306226730 28508824.4164841175079346
202.0 131250904.6197554320096970 89977351.4476063102483749 27551639.1721157282590866
203.0 132138203.7173426300287247 91374185.1821533143520355 26551800.6014055013656616
204.0 133044956.0272745490074158 92772631.5108929127454758 25514438.1611214578151703
205.0 133970912.9986393600702286 94172401.3615001738071442 24444485.0716487653553486
206.0 134915827.3752728998661041 95573235.9217779487371445 23346655.1844165883958340
207.0 135879454.6200490593910217 96974904.9298720508813858 22225425.7861722707748413
208.0 136861552.7705527842044830 98377205.0876712054014206 21085025.5945567488670349
209.0 137861882.2128911912441254 99779958.4455869495868683 19929427.1762234866619110
210.0 138880206.0563618540763855 101183010.6661796718835831 18762343.3037867136299610
211.0 139916290.2731899917125702 102586229.5750980973243713 17587226.0467831343412399
212.0 140969902.4915885925292969 103989504.0463126450777054 16407268.3378472533077002
213.0 142040819.3867174386978149 105392739.9748408198356628 15225412.9173777848482132
214.0 143128811.2170581519603729 106795863.9225992113351822 14044350.6133017931133509
215.0 144233658.0691473484039307 108198816.6224152445793152 12866536.7053831666707993
216.0 145355122.7508251070976257 109601556.9342720806598663 11694194.6141476929187775
217.0 146493038.3561038970947266 111004047.6693789809942245 10529334.8785844445228577
218.0 147647153.9090713560581207 112406276.4984749853610992 9373752.8113643433898687
219.0 148817267.9575856029987335 113808236.0127394348382950 8229050.5504957549273968
220.0 150003177.0793851912021637 115209929.6846447139978409 7096645.4112258516252041
221.0 151204680.5592527985572815 116611370.4441372156143188 5977781.3677377412095666
222.0 152421581.0107590556144714 118012579.7819471657276154 4873540.4609544277191162
223.0 153653683.9678888022899628 119413587.0669175684452057 3784853.8889143858104944
224.0 154900796.8086269199848175 120814428.9219198673963547 2712512.9543962944298983
225.0 156162727.5074896216392517 122215148.3468502461910248 1657180.4568960687611252
226.0 157439284.8919503688812256 123615793.0917234569787979 619403.3686392044182867
227.0 158730274.2175779640674591 125016402.8549246042966843 -400345.5198578791460022
228.0 160035552.4407470822334290 126417045.2254750281572342 -1401762.0866153966635466
229.0 161354926.1817902326583862 127817775.7785148024559021 -2384581.2969096512533724
230.0 162688211.6200785040855408 129218664.6833703666925430 -3348649.7745292345061898
231.0 164035270.8071953356266022 130619752.0993802994489670 -4293813.2280524550005794
232.0 165395906.9320380091667175 132021129.0865874141454697 -5220094.1520278938114643
233.0 166769965.2175568342208862 133422856.0244519114494324 -6127499.6282434882596135
234.0 168157285.0601499080657959 134825002.7657345831394196 -7016107.7756024608388543
235.0 169557708.6717679202556610 136227640.2745229601860046 -7886043.2703859517350793
236.0 170971081.0872143507003784 137630840.3346948921680450 -8737471.8895393535494804
237.0 172397250.1455501317977905 139034675.2912076711654663 -9570595.4957162365317345
238.0 173836066.4558929502964020 140439217.8195125758647919 -10385647.4377236068248749
239.0 175287383.3538894355297089 141844540.7197121083736420 -11182888.3405067175626755
240.0 176751056.8527260124683380 143250716.7328377962112427 -11962602.2614043969660997
241.0 178226945.5910738706588745 144657818.3771131634712219 -12725093.1881376504898071
242.0 179714910.7794725298881531 146065917.8023664653301239 -13470681.8572025150060654
243.0 181214816.1460929214954376 147475086.6609811782836914 -14199702.8688008412718773
244.0 182726527.8824869394302368 148885395.9939303100109100 -14912502.0769217871129513
245.0 184249914.5897078514099121 150296916.1305791139602661 -15609434.2444594986736774
246.0 185784847.2250494658946991 151709716.6010409593582153 -16290860.9120956435799599
247.0 187331199.0495688021183014 153123866.0599789023399353 -16957148.5094294771552086
248.0 188888845.5764975547790527 154539432.2208238840103149 -17608666.7252265363931656
249.0 190457664.5206092298030853 155956481.7994643151760101 -18245786.7725617140531540
250.0 192037535.7485903203487396 157375080.4665383696556091 -18868880.3771804794669151
251.0 193628341.2304394841194153 158795292.8075211346149445 -19478318.3181562945246696
252.0 195229964.9919149279594421 160217182.2898691594600677 -20074469.4975231215357780
253.0 196842293.0680338144302368 161640811.2365418672561646 -20657700.0042395666241646
254.0 198465213.4576294422149658 163066240.8052736222743988 -21228372.3055262565612793
255.0 200098637.4454431533813477 164493516.8415895104408264 -21786820.0779492557048798
256.0 201742424.4124376177787781 165922721.6418797969818115 -22333437.6490926854312420
257.0 203396482.2461420297622681 167353902.3006914854049683 -22868554.4919790923595428
258.0 205060706.9829022288322449 168787115.0398174524307251 -23392512.3319813236594200
259.0 206734996.4712750911712646 170222414.8689937591552734 -23905646.6600486002862453
260.0 208419250.3332854807376862 171659855.5894504189491272 -24408286.4344702102243900
261.0 210113369.9264557361602783 173099489.8001117706298828 -24900753.8399175032973289
262.0 211817250.8274408578872681 174541368.1208137571811676 -25383363.2475843243300915
263.0 213530808.5723511874675751 175985542.9595236778259277 -25856425.6313197910785675
264.0 215253946.5267554521560669 177432062.0897616744041443 -26320240.0352468155324459
265.0 216986573.0285357236862183 178880973.3233520090579987 -26775099.9256099946796894
266.0 218728597.9266213774681091 180332323.3282475173473358 -27221291.4565212354063988
267.0 220479932.5314481854438782 181786157.6493933200836182 -27659093.4717444069683552
268.0 222240489.5669636130332947 183242520.7300264835357666 -28088777.5289236493408680
269.0 224010183.1228126883506775 184701455.9333691000938416 -28510607.9452413655817509
270.0 225788928.6056529283523560 186163005.5646694600582123 -28924841.8616662807762623
271.0 227576642.6889425516128540 187627210.8935397863388062 -29331729.3227461874485016
272.0 229373243.2609370052814484 189094112.1765044331550598 -29731513.3708526268601418
273.0 231178649.3709934949874878 190563748.6796516478061676 -30124430.1520982794463634
274.0 232992781.1746000349521637 192036158.7012558579444885 -30510709.0327721573412418
275.0 234815559.8777788281440735 193511379.5942278206348419 -30890572.7237073294818401
276.0 236646907.6816801726818085 194989447.7882512211799622 -31264237.4118856377899647
277.0 238486747.7282736897468567 196470398.8114691674709320 -31631912.8974217027425766
278.0 240335004.0480583906173706 197954267.3116061985492706 -31993802.7343952693045139
279.0 242191601.5106720030307770 199441087.0764290690422058 -32350104.3750626109540462
280.0 244056456.4960504770278931 200930906.4016639292240143 -32701026.7749533280730247
281.0 245929544.2788770198822021 202423728.3618702888488770 -33046719.1794522628188133
282.0 247810767.8870935440063477 203919597.2914757728576660 -33387378.1500703059136868
283.0 249700058.7404930293560028 205418543.4912215173244476 -33723177.5504005923867226
284.0 251597349.3182913959026337 206920596.4769517779350281 -34054285.8148221671581268
285.0 253502573.1372289955615997 208425784.9990886747837067 -34380866.0962603390216827
286.0 255415664.7301938235759735 209934137.0618049502372742 -34703076.4129062145948410
287.0 257336559.6253552734851837 211445679.9418786466121674 -35021069.7936832010746002
288.0 259265194.3257939219474792 212960440.2072193622589111 -35334994.4219117686152458
289.0 261201506.2896189689636230 214478443.7350491285324097 -35644993.7770834788680077
290.0 263145433.9105569720268250 215999715.7297359704971313 -35951206.7743586078286171
291.0 265096916.4990042150020599 217524280.7402661740779877 -36253767.9016804993152618
292.0 267055894.2635304629802704 219052162.6773577332496643 -36552807.3543169870972633
293.0 269022308.2928190231323242 220583384.8302040696144104 -36848451.1666585877537727
294.0 270996100.5380394458770752 222117969.8828508257865906 -37140821.3412469327449799
295.0 272977213.7956336736679077 223655939.9302040636539459 -37430035.9747738018631935
296.0 274965591.6905111074447632 225197316.4936667978763580 -37716209.3813360184431076
297.0 276961178.6596400141716003 226742120.5364105999469757 -37999452.2123369723558426
298.0 278963919.9360241889953613 228290372.4782798588275909 -38279871.5736711323261261
299.0 280973761.5330561995506287 229842092.2103330492973328 -38557571.1395814493298531
300.0 282990650.2292374968528748 231397299.1090254783630371 -38832651.2636073827743530
301.0 285014533.5532536506652832 232956012.0500352084636688 -39105209.0863927900791168
302.0 287045359.7693994045257568 234518249.4217405915260315 -39375338.6404488906264305
303.0 289083077.8633415102958679 236084029.1383490860462189 -39643130.9519771412014961
304.0 291127637.5282090306282043 237653368.6526890397071838 -39908674.1395667046308517
305.0 293178989.1510084867477417 239226284.9686638414859772 -40172053.5101010352373123
306.0 295237083.7993487715721130 240802794.6533785462379456 -40433351.6516681984066963
307.0 297301873.2084715962409973 242382913.8489451408386230 -40692648.5235848724842072
308.0 299373309.7685796022415161 243966658.2839684784412384 -40950021.5437934175133705
309.0 301451346.5124521851539612 245554043.2847262024879456 -41205545.6733178794384003
310.0 303535937.1033443212509155 247145083.7860423922538757 -41459293.4981612637639046
311.0 305627035.8231581449508667 248739794.3418647646903992 -41711335.3085575625300407
312.0 307724597.5608840584754944 250338189.1355544924736023 -41961739.1756292656064034
313.0 309828577.8013014793395996 251940281.9898886978626251 -42210571.0256134122610092
314.0 311938932.6139332652091980 253546086.3767888545989990 -42457894.7115927711129189
315.0 314055618.6422492265701294 255155615.4267796277999878 -42703772.0828966274857521
316.0 316178593.0931105613708496 256768881.9381810426712036 -42948263.0521703734993935
317.0 318307813.7264489531517029 258385898.3860463201999664 -43191425.6602901369333267
318.0 320443238.8451767563819885 260006676.9308498799800873 -43433316.1389667317271233
319.0 322584827.2853217124938965 261631229.4269279241561890 -43673988.9713812544941902
320.0 324732538.4063777327537537 263259567.4306843578815460 -43913496.9506423920392990
321.0 326886332.0818710327148438 264891702.2085653543472290 -44151891.2363968566060066
322.0 329046168.6901346445083618 266527644.7448054552078247 -44389221.4093923494219780
323.0 331212009.1052839756011963 268167405.7489576935768127 -44625535.5242594107985497
324.0 333383814.6883915066719055 269810995.6632101535797119 -44860880.1604403927922249
325.0 335561547.2788556814193726 271458424.6694915890693665 -45095300.4713930860161781
326.0 337745169.1859562993049622 273109702.6963797807693481 -45328840.2321243509650230
327.0 339934643.1805958747863770 274764839.4258105754852295 -45561541.8850380405783653
328.0 342129932.4872198104858398 276423844.2995986938476562 -45793446.5842245519161224
329.0 344331000.7759133577346802 278086726.5257700085639954 -46024594.2382812798023224
330.0 346537812.1546660661697388 279753495.0847176909446716 -46255023.5515338480472565
331.0 348750331.1618081927299500 281424158.7351790666580200 -46484772.0639358311891556
332.0 350968522.7586075067520142 283098726.0200462937355042 -46713876.1895390972495079
333.0 353192352.3220258951187134 284777205.2720099687576294 -46942371.2536674886941910
334.0 355421785.6376305222511292 286459604.6190425157546997 -47170291.5287358537316322
335.0 357656788.8926585912704468 288145931.9897261857986450 -47397670.2689064294099808
336.0 359897328.6692284345626831 289836195.1184303164482117 -47624539.7435159534215927
337.0 362143371.9376988410949707 291530401.5503413081169128 -47850931.2693153321743011
338.0 364394886.0501640439033508 293228558.6463492512702942 -48076875.2416311800479889
339.0 366651838.7340912222862244 294930673.5877978205680847 -48302401.1644424125552177
340.0 368914198.0860925912857056 296636753.3811004757881165 -48527537.6794060394167900
341.0 371181932.5658221840858459 298346804.8622225522994995 -48752312.5938736051321030
342.0 373455010.9900138974189758 300060834.7010417580604553 -48976752.9079726338386536
343.0 375733402.5266320705413818 301778849.4055821299552917 -49200884.8406952023506165
344.0 378017076.6891518235206604 303500855.3261314034461975 -49424733.8551692888140678
345.0 380306003.3309550881385803 305226858.6592413783073425 -49648324.6829712241888046
346.0 382600153.2260859012603760 306956864.2353239655494690 -49871680.9439527094364166
347.0 384899497.5749330520629883 308690878.5215388536453247 -50094826.0424734726548195
348.0 387204007.1991544365882874 310428907.6909396648406982 -50317782.7706063836812973
349.0 389513653.2952961921691895 312170957.3587788343429565 -50540573.1579918563365936
350.0 391828407.3741126656532288 313917033.0047707557678223 -50763218.6123833209276199
351.0 394148241.2557129263877869 315667139.9764674901962280 -50985739.9394045099616051
352.0 396473127.0647946000099182 317421283.4925396442413330 -51208157.3616077229380608
353.0 398803037.2259821891784668 319179468.6459676623344421 -51430490.5369149819016457
354.0 401137944.4592415094375610 320941700.4071462154388428 -51652758.5763912796974182
355.0 403477821.7753927111625671 322707983.6269043684005737 -51874980.0614461451768875
356.0 405822642.4717016816139221 324478323.0394407510757446 -52097173.0604546144604683
357.0 408172380.1275644302368164 326252723.2651836276054382 -52319355.1447830647230148
358.0 410527008.6002595424652100 328031188.8135683536529541 -52541543.4043091833591461
359.0 412886502.0207982063293457 329813724.0857427716255188 -52763754.4623968154191971
360.0 415250834.7898365259170532 331600333.3771985173225403 -52986004.4903841540217400
361.0 417619981.5736722350120544 333391020.8803313970565796 -53208309.2215736210346222
362.0 419993917.3003160953521729 335185790.6869345903396606 -53430683.9647556021809578
363.0 422372617.1556330323219299 336984646.7906214594841003 -53653143.6172851473093033
364.0 424756056.5795581936836243 338787593.0891864299774170 -53875702.6777184158563614
365.0 427144211.2623810172080994 340594633.3869029879570007 -54098375.2580185979604721
366.0 429537057.1410955786705017 342405771.3967577219009399 -54321175.0953885689377785
367.0 431934570.3958207964897156 344221010.7426278591156006 -54544115.5636631771922112
368.0 434336727.4462869763374329 346040354.9614000320434570 -54767209.6843830421566963
369.0 436743504.9483814239501953 347863807.5050325393676758 -54990470.1374436691403389
370.0 439154879.7907584905624390 349691371.7425639629364014 -55213909.2714326158165932
371.0 441570829.0915150046348572 351523050.9620690941810608 -55437539.1136242151260376
372.0 443991330.1949206590652466 353358848.3725614547729492 -55661371.3796149492263794
373.0 446416360.6682043671607971 355198767.1058503985404968 -55885417.4827009811997414
374.0 448845898.2984091043472290 357042810.2183443307876587 -56109688.5429035872220993
375.0 451279921.0892892479896545 358890980.6928107142448425 -56334195.3956896960735321
376.0 453718407.2582739591598511 360743281.4400898814201355 -56558948.6004734709858894
377.0 456161335.2334741950035095 362599715.3007630705833435 -56783958.4487703442573547
378.0 458608683.6507554054260254 364460285.0467770695686340 -57009234.9721414968371391
379.0 461060431.3508470058441162 366324993.3830308318138123 -57234787.9498575925827026
380.0 463516557.3765125274658203 368193842.9489156603813171 -57460626.9163060188293457
381.0 465977040.9697676301002502 370066836.3198200464248657 -57686761.1681826710700989
382.0 468441861.5691431760787964 371943976.0085942149162292 -57913199.7714508026838303
383.0 470910998.8069965243339539 373825264.4669783711433411 -58139951.5680629462003708
384.0 473384432.5068739652633667 375710704.0869934558868408 -58367025.1824871003627777
385.0 475862142.6809138655662537 377600297.2022972106933594 -58594429.0279969274997711
386.0 478344109.5272932648658752 379494046.0895057320594788 -58822171.3128088936209679
387.0 480830313.4277236461639404 381391952.9694821834564209 -59050260.0459740683436394
388.0 483320734.9449861645698547 383294020.0085924863815308 -59278703.0431351736187935
389.0 485815354.8205067515373230 385200249.3199298977851868 -59507507.9320453032851219
390.0 488314153.9719785451889038 387110642.9645078778266907 -59736682.1579755470156670
391.0 490817113.4910177588462830 389025202.9524254202842712 -59966232.9888931140303612
392.0 493324214.6408639550209045 390943931.2440000772476196 -60196167.5205348879098892
393.0 495835438.8541148900985718 392866829.7508769035339355 -60426492.6812796071171761
394.0 498350767.7305061817169189 394793900.3371050953865051 -60657215.2368857115507126
395.0 500870183.0347179174423218 396725144.8201923966407776 -60888341.7950809672474861
396.0 503393666.6942278146743774 398660564.9721325635910034 -61119878.8100231811404228
397.0 505921200.7971933484077454 400600162.5204048156738281 -61351832.5866018459200859
398.0 508452767.5903710722923279 402543939.1489512920379639 -61584209.2846065834164619
399.0 510988349.4770743846893311 404491896.4991304874420166 -61817014.9228044152259827
400.0 513527929.0151550769805908 406444036.1706475615501404 -62050255.3828391805291176
401.0 516071488.9150288701057434 408400359.7224602103233337 -62283936.4130609929561615
402.0 518619012.0377250909805298 410360868.6736646294593811 -62518063.6322031244635582
403.0 521170481.3929756283760071 412325564.5043605566024780 -62752642.5329711735248566
404.0 523725880.1373249292373657 414294448.6564902067184448 -62987678.4855072647333145
405.0 526285191.5722821354866028 416267522.5346669554710388 -63223176.7407629638910294
406.0 528848399.1424935460090637 418244787.5069729089736938 -63459142.4337590485811234
407.0 531415486.4339507222175598 420226244.9057461023330688 -63695580.5867615044116974
408.0 533986437.1722252964973450 422211896.0283435583114624 -63932496.1123441830277443
409.0 536561235.2207297086715698 424201742.1378893852233887 -64169893.8163690865039825
410.0 539139864.5790090560913086 426195784.4640029668807983 -64407778.4008988216519356
411.0 541722309.3810607194900513 428194024.2035120725631714 -64646154.4669708982110023
412.0 544308553.8936764001846313 430196462.5211480855941772 -64885026.5173468738794327
413.0 546898582.5148150920867920 432203100.5502222776412964 -65124398.9591431170701981
414.0 549492379.7719969749450684 434213939.3932912349700928 -65364276.1063977256417274
415.0 552089930.3207268714904785 436228980.1228038072586060 -65604662.1825590059161186
416.0 554691218.9429417848587036 438248223.7817330956459045 -65845561.3229081183671951
417.0 557296230.5454802513122559 440271671.3841920495033264 -66086977.5768962576985359
418.0 559904950.1585758924484253 442299323.9160404205322266 -66328914.9104267507791519
419.0 562517362.9343782663345337 444331182.3354710340499878 -66571377.2080605104565620
420.0 565133454.1454914808273315 446367247.5735859870910645 -66814368.2751747444272041
421.0 567753061.6980813741683960 448407538.1532019972801208 -67057913.2063812091946602
422.0 570376464.4518450498580933 450452019.6941258907318115 -67301973.1228219866752625
423.0 573003502.3285559415817261 452500710.6696008443832397 -67546572.7476095110177994
424.0 575634161.0682500600814819 454553611.9082366228103638 -67791715.5897774994373322
425.0 578268426.5242711305618286 456610724.2142527103424072 -68037405.0890251100063324
426.0 580906284.6619477272033691 458672048.3679772019386292 -68283644.6175223737955093
427.0 583547721.5572917461395264 460737585.1263332366943359 -68530437.4816662669181824
428.0 586192723.3957126140594482 462807335.2233209609985352 -68777786.9237667769193649
429.0 588841276.4707542657852173 464881299.3704822063446045 -69025696.1237104088068008
430.0 591493367.1828523874282837 466959478.2573565840721130 -69274168.2005730122327805
431.0 594148982.0381046533584595 469041872.5519286394119263 -69523206.2141451239585876
432.0 596808107.6470656394958496 471128482.9010637402534485 -69772813.1664927154779434
433.0 599470730.7235549688339233 473219309.9309352040290833 -70022992.0033967047929764
434.0 602136838.0834861993789673 475314354.2474407553672791 -70273745.6158049851655960
435.0 604806416.6437103748321533 477413616.4366111159324646 -70525076.8412184268236160
436.0 607479453.4208806753158569 479517097.0650074481964111 -70776988.4650311172008514
437.0 610155935.5303287506103516 481624796.6801141500473022 -71029483.2218827605247498
438.0 612835850.1849604845046997 483736715.8107161521911621 -71282563.7968844920396805
439.0 615519184.6941685676574707 485852854.9672771096229553 -71536232.8269196748733521
440.0 618205926.4627568721771240 487973214.6423001885414124 -71790492.9018115550279617
441.0 620896062.9898869991302490 490097795.3106864094734192 -72045346.5655162185430527
442.0 623589581.8680317401885986 492226597.4300860166549683 -72300796.3172706663608551
443.0 626286470.7819536924362183 494359621.4412361383438110 -72556844.6126961261034012
444.0 628986717.5076856613159180 496496867.7682983875274658 -72813493.8648894578218460
445.0 631690309.9115405082702637 498638336.8191841244697571 -73070746.4454684257507324
446.0 634397235.9491218328475952 500784028.9858765006065369 -73328604.6855977624654770
447.0 637107483.6643576622009277 502933944.6447415947914124 -73587070.8769921064376831
448.0 639821041.1885430812835693 505088084.1568335890769958 -73846147.2728807628154755
449.0 642537896.7393984794616699 507246447.8682008981704712 -74105836.0889568179845810
450.0 645258038.6201403141021729 509409036.1101719737052917 -74366139.5042800754308701
451.0 647981455.2185647487640381 511575849.1996471285820007 -74627059.6621855348348618
452.0 650708135.0061465501785278 513746887.4393784999847412 -74888598.6711547523736954
453.0 653438066.5371448993682861 515922151.1182465553283691 -75150758.6056537777185440
454.0 656171238.4477274417877197 518101640.5115283727645874 -75413541.5069589167833328
455.0 658907759.6697926521301270 520285347.8862808942794800 -75676932.2275264114141464
456.0 661647375.6452499628067017 522473289.9477956295013428 -75940967.4535075575113297
457.0 664390198.3047592639923096 524665458.4753928780555725 -76205631.5895087867975235
458.0 667136216.6068190336227417 526861853.6920776963233948 -76470926.5514391660690308
459.0 669885419.5876313447952271 529062475.8085198402404785 -76736854.2258182764053345
460.0 672637796.3602944612503052 531267325.0232928991317749 -77003416.4704840183258057
461.0 675393336.1139973402023315 533476401.5231086015701294 -77270615.1152847111225128
462.0 678152028.1132410764694214 535689705.4830443859100342 -77538451.9627247303724289
463.0 680913861.6970460414886475 537907237.0667650699615479 -77806928.7886341959238052
464.0 683678826.2781975269317627 540128996.4267430305480957 -78076047.3427892327308655
465.0 686446911.3424769639968872 542354983.7044713497161865 -78345809.3495313227176666
466.0 689218106.4479182958602905 544585199.0306730270385742 -78616216.5083629041910172
467.0 691992401.2240794897079468 546819642.5255093574523926 -78887270.4945332407951355
468.0 694769785.3712979555130005 549058314.2987756729125977 -79158972.9596074968576431
469.0 697550248.6599895954132080 551301214.4501053094863892 -79431325.5320268422365189
470.0 700333780.9299291372299194 553548343.0691562891006470 -79704329.8176315575838089
471.0 703120372.0895508527755737 555799700.2358050346374512 -79977987.4002076387405396
472.0 705910012.1152752637863159 558055286.0203301906585693 -80252299.8419866114854813
473.0 708702691.0508033037185669 560315100.4835932254791260 -80527268.6841495484113693
474.0 711498399.0064678192138672 562579143.6772186756134033 -80802895.4473118484020233
475.0 714297126.1585570573806763 564847415.6437671184539795 -81079181.6319928914308548
476.0 717098862.7486662864685059 567119916.4169051647186279 -81356128.7191032469272614
477.0 719903599.0830481052398682 569396646.0215767621994019 -81633738.1703619211912155
478.0 722711325.5319826602935791 571677604.4741622209548950 -81912011.4287533015012741
479.0 725522032.5291395187377930 573962791.7826437950134277 -82190949.9189550280570984
480.0 728335710.5709651708602905 576252207.9467605352401733 -82470555.0477657169103622
481.0 731152350.2160619497299194 578545852.9581645727157593 -82750828.2044845074415207
482.0 733971942.0845938920974731 580843726.8005713224411011 -83031770.7613355517387390
483.0 736794476.8576810359954834 583145829.4499093294143677 -83313384.0738435238599777
484.0 739619945.2768095731735229 585452160.8744648694992065 -83595669.4812092185020447
485.0 742448338.1432597637176514 587762721.0350255966186523 -83878628.3066828995943069
486.0 745279646.3175150156021118 590077509.8850210905075073 -84162261.8579305559396744
487.0 748113860.7187129259109497 592396527.3706578016281128 -84446571.4273677468299866
488.0 750950972.3240716457366943 594719773.4310578107833862 -84731558.2925079911947250
489.0 753790972.1683411598205566 597047247.9983848333358765 -85017223.7163049876689911
490.0 756633851.3432612419128418 599378950.9979799985885620 -85303568.9474660456180573
491.0 759479600.9970114231109619 601714882.3484853506088257 -85590595.2207767665386200
492.0 762328212.3336921930313110 604055041.9619686603546143 -85878303.7574080079793930
493.0 765179676.6127883195877075 606399429.7440452575683594 -86166695.7652126550674438
494.0 768033985.1486545801162720 608748045.5940009355545044 -86455772.4390316307544708
495.0 770891129.3099974393844604 611100889.4049044847488403 -86745534.9609737098217010
496.0 773751100.5193791389465332 613457961.0637263059616089 -87035984.5006927698850632
497.0 776613890.2527048587799072 615819260.4514504671096802 -87327122.2156770825386047
498.0 779479490.0387367010116577 618184787.4431861639022827 -87618949.2514945119619370
499.0 782347891.4586030244827271 620554541.9082752466201782 -87911466.7420635372400284
500.0 785219086.1453129053115845 622928523.7104005813598633 -88204675.8099269121885300
501.0 788093065.7832839488983154 625306732.7076896429061890 -88498577.5664602369070053
502.0 790969822.1078726053237915 627689168.7528175115585327 -88793173.1121492385864258
503.0 793849346.9049035310745239 630075831.6931068897247314 -89088463.5368042290210724
504.0 796731632.0102176666259766 632466721.3706290721893311 -89384449.9198103547096252
505.0 799616669.3092092275619507 634861837.6222991943359375 -89681133.3303375840187073
506.0 802504450.7363849878311157 637261180.2799717187881470 -89978514.8275682032108307
507.0 805394968.2749203443527222 639664749.1705348491668701 -90276595.4609101116657257
508.0 808288213.9562182426452637 642072544.1160007715225220 -90575376.2702021002769470
509.0 811184179.8594750165939331 644484564.9335976839065552 -90874858.2859322726726532
510.0 814082858.1112631559371948 646900811.4358547925949097 -91175042.5294214040040970
511.0 816984240.8850980997085571 649321283.4306929111480713 -91475930.0130337476730347
512.0 819888320.4010223150253296 651745980.7215077877044678 -91777521.7403591424226761
513.0 822795088.9251985549926758 654174903.1072529554367065 -92079818.7063952684402466
514.0 825704538.7694994211196899 656608050.3825217485427856 -92382821.8977436423301697
515.0 828616662.2911032438278198 659045422.3376312255859375 -92686532.2927774935960770
516.0 831531451.8920940160751343 661487018.7586948871612549 -92990950.8618141263723373
517.0 834448900.0190746784210205 663932839.4277062416076660 -93296078.5672928094863892
518.0 837368999.1627695560455322 666382884.1226115226745605 -93601916.3639340847730637
519.0 840291741.8576482534408569 668837152.6173852682113647 -93908465.1989062875509262
520.0 843217120.6815384626388550 671295644.6821056604385376 -94215726.0119754672050476
521.0 846145128.2552558183670044 673758360.0830211639404297 -94523699.7356729209423065
522.0 849075757.2422263622283936 676225298.5826292037963867 -94832387.2954333722591400
523.0 852009000.3481261730194092 678696459.9397392272949219 -95141789.6097532808780670
524.0 854944850.3205176591873169 681171843.9095425605773926 -95451907.5903219282627106
525.0 857883299.9484795331954956 683651450.2436813116073608 -95762742.1421846449375153
526.0 860824342.0622706413269043 686135278.6903122663497925 -96074294.1638495922088623
527.0 863767969.5329630374908447 688623328.9941725730895996 -96386564.5474588423967361
528.0 866714175.2721053361892700 691115600.8966420888900757 -96699554.1788846701383591
529.0 869662952.2313736677169800 693612094.1358063220977783 -97013263.9378772228956223
530.0 872614293.4022356271743774 696112808.4465180635452271 -97327694.6981889605522156
531.0 875568191.8156144618988037 698617743.5604585409164429 -97642847.3277000635862350
532.0 878524640.5415582656860352 701126899.2061918973922729 -97958722.6885281652212143
533.0 881483632.6889107227325439 703640275.1092288494110107 -98275321.6371477395296097
534.0 884445161.4049881696701050 706157870.9920803308486938 -98592645.0245223194360733
535.0 887409219.8752560615539551 708679686.5743154287338257 -98910693.6961903572082520
536.0 890375801.3230186700820923 711205721.5726133584976196 -99229468.4923888295888901
537.0 893344899.0090947151184082 713735975.7008209228515625 -99548970.2481667548418045
538.0 896316506.2315213680267334 716270448.6700035333633423 -99869199.7934772521257401
539.0 899290616.3252328634262085 718809140.1884986162185669 -100190157.9532862305641174
540.0 902267222.6617683172225952 721352049.9619652032852173 -100511845.5476680248975754
541.0 905246318.6489642858505249 723899177.6934351921081543 -100834263.3919178396463394
542.0 908227897.7306635379791260 726450523.0833643674850464 -101157412.2966244667768478
543.0 911211953.3864179849624634 729006085.8296767473220825 -101481293.0677837431430817
544.0 914198479.1311969757080078 731565865.6278177499771118 -101805906.5068833529949188
545.0 917187468.5151053667068481 734129862.1707975864410400 -102131253.4109894186258316
546.0 920178915.1230952739715576 736698075.1492363214492798 -102457334.5728353261947632
547.0 923172812.5746834278106689 739270504.2514132261276245 -102784150.7809149771928787
548.0 926169154.5236779451370239 741847149.1633081436157227 -103111702.8195542544126511
549.0 929167934.6578972339630127 744428009.5686467885971069 -103439991.4690004736185074
550.0 932169146.6989046335220337 747013085.1489431858062744 -103769017.5055137574672699
551.0 935172784.4017347097396851 749602375.5835390090942383 -104098781.7014177888631821
552.0 938178841.5546221733093262 752195880.5496536493301392 -104429284.8252014964818954
553.0 941187311.9787497520446777 754793599.7224141359329224 -104760527.6415801197290421
554.0 944198189.5279779434204102 757395532.7749030590057373 -105092510.9115851074457169
555.0 947211468.0885876417160034 760001679.3781949281692505 -105425235.3926077783107758
556.0 950227141.5790297985076904 762612039.2013962268829346 -105758701.8384985476732254
557.0 953245203.9496684074401855 765226611.9116812944412231 -106092910.9996221214532852
558.0 956265649.1825284957885742 767845397.1743324995040894 -106427863.6229265183210373
559.0 959288471.2910548448562622 770468394.6527749300003052 -106763560.4520142823457718
560.0 962313664.3198615312576294 773095604.0086143016815186 -107100002.2271879613399506
561.0 965341222.3444924354553223 775727024.9016708135604858 -107437189.6855467259883881
562.0 968371139.4711778163909912 778362656.9900175333023071 -107775123.5610161572694778
563.0 971403409.8365987539291382 781002499.9300079345703125 -108113804.5844207704067230
564.0 974438027.6076536178588867 783646553.3763183355331421 -108453233.4835558682680130
565.0 977474986.9812253713607788 786294816.9819734096527100 -108793410.9832196533679962
566.0 980514282.1839488744735718 788947290.3983862400054932 -109134337.8052955865859985
567.0 983555907.4719773530960083 791603973.2753834724426270 -109476014.6687905937433243
568.0 986599857.1307733058929443 794264865.2612395286560059 -109818442.2898949533700943
569.0 989646125.4748686552047729 796929966.0027126073837280 -110161621.3820383548736572
570.0 992694706.8476529121398926 799599275.1450661420822144 -110505552.6559362113475800
571.0 995745595.6211490631103516 802272792.3321034908294678 -110850236.8196470737457275
572.0 998798786.1957975625991821 804950517.2062020301818848 -111195674.5786201804876328
573.0 1001854273.0002481937408447 807632449.4083341360092163 -111541866.6357420682907104
574.0 1004912050.4911386966705322 810318588.5780993700027466 -111888813.6913817524909973
575.0 1007972113.1528908014297485 813008934.3537534475326538 -112236516.4434499591588974
576.0 1011034455.4974981546401978 815703486.3722343444824219 -112584975.5874287039041519
577.0 1014099072.0643229484558105 818402244.2691907882690430 -112934191.8164284378290176
578.0 1017165957.4198908805847168 821105207.6790070533752441 -113284165.8212303370237350
579.0 1020235106.1576883792877197 823812376.2348322868347168 -113634898.2903235405683517
580.0 1023306512.8979631662368774 826523749.5686014890670776 -113986389.9099476635456085
581.0 1026380172.2875248193740845 829239327.3110675811767578 -114338641.3641441911458969
582.0 1029456078.9995536804199219 831959109.0918190479278564 -114691653.3347855508327484
583.0 1032534227.7333990335464478 834683094.5393118858337402 -115045426.5016214549541473
584.0 1035614613.2143949270248413 837411283.2808884382247925 -115399961.5423128157854080
585.0 1038697230.1936575174331665 840143674.9428011178970337 -115755259.1324725151062012
586.0 1041782073.4479135274887085 842880269.1502412557601929 -116111319.9457059353590012
587.0 1044869137.7792978286743164 845621065.5273562669754028 -116468144.6536404639482498
588.0 1047958418.0151796340942383 848366063.6972738504409790 -116825733.9259641617536545
589.0 1051049909.0079679489135742 851115263.2821273803710938 -117184088.4304633587598801
590.0 1054143605.6349444389343262 853868663.9030727148056030 -117543208.8330582529306412
591.0 1057239502.7980706691741943 856626265.1803144216537476 -117903095.7978240549564362
592.0 1060337595.4238184690475464 859388066.7331250905990601 -118263749.9870360493659973
593.0 1063437878.4629849195480347 862154068.1798636913299561 -118625172.0612086206674576
594.0 1066540346.8905342817306519 864924269.1380006074905396 -118987362.6791028380393982
595.0 1069644995.7054017782211304 867698669.2241357564926147 -119350322.4977734386920929
596.0 1072751819.9303436279296875 870477268.0540176630020142 -119714052.1726049333810806
597.0 1075860814.6117548942565918 873260065.2425627708435059 -120078552.3573271185159683
598.0 1078971974.8195037841796875 876047060.4038785696029663 -120443823.7040558606386185
599.0 1082085295.6467697620391846 878838253.1512770652770996 -120809866.8633093386888504
600.0 1085200772.2098748683929443 881633643.0972973108291626 -121176682.4840434342622757
601.0 1088318399.6481161117553711 884433229.8537222146987915 -121544271.2136902213096619
602.0 1091438173.1236145496368408 887237013.0315951108932495 -121912633.6981538385152817
603.0 1094560087.8211424350738525 890044992.2412419319152832 -122281770.5818715691566467
604.0 1097684138.9479756355285645 892857167.0922828912734985 -122651682.5078122615814209
605.0 1100810321.7337265014648438 895673537.1936554908752441 -123022370.1175251752138138
606.0 1103938631.4301967620849609 898494102.1536267995834351 -123393834.0511435568332672
607.0 1107069063.3112146854400635 901318861.5798103809356689 -123766074.9474279582500458
608.0 1110201612.6724898815155029 904147815.0791885852813721 -124139093.4437614828348160
609.0 1113336274.8314559459686279 906980962.2581194639205933 -124512890.1762113273143768
610.0 1116473045.1271209716796875 909818302.7223587036132812 -124887465.7795256376266479
611.0 1119611918.9199240207672119 912659836.0770756006240845 -125262820.8871516734361649
612.0 1122752891.5915772914886475 915505561.9268643856048584 -125638956.1312863528728485
613.0 1125895958.5449304580688477 918355479.8757631778717041 -126015872.1428724825382233
614.0 1129041115.2038195133209229 921209589.5272653102874756 -126393569.5516173541545868
615.0 1132188357.0129287242889404 924067890.4843370914459229 -126772048.9860335141420364
616.0 1135337679.4376378059387207 926930382.3494317531585693 -127151311.0734480172395706
617.0 1138489077.9638960361480713 929797064.7245005369186401 -127531356.4400193393230438
618.0 1141642548.0980658531188965 932667937.2110110521316528 -127912185.7107613831758499
619.0 1144798085.3668026924133301 935542999.4099576473236084 -128293799.5095625221729279
620.0 1147955685.3168971538543701 938422250.9218759536743164 -128676198.4592012017965317
621.0 1151115343.5151598453521729 941305691.3468571901321411 -129059383.1813690364360809
622.0 1154277055.5482747554779053 944193320.2845593690872192 -129443354.2966822534799576
623.0 1157440817.0226602554321289 947085137.3342227935791016 -129828112.4247049242258072
624.0 1160606623.5643534660339355 949981142.0946784019470215 -130213658.1839658319950104
625.0 1163774470.8188662528991699 952881334.1643657684326172 -130599992.1919713467359543
626.0 1166944354.4510605335235596 955785713.1413393020629883 -130987115.0652297139167786
627.0 1170116270.1450114250183105 958694278.6232861280441284 -131375027.4192513525485992
628.0 1173290213.6038951873779297 961607030.2075355052947998 -131763729.8685915470123291
629.0 1176466180.5498445034027100 964523967.4910690784454346 -132153223.0268345475196838
630.0 1179644166.7238390445709229 967445090.0705333948135376 -132543507.5066346675157547
631.0 1182824167.8855702877044678 970370397.5422531366348267 -132934583.9197199493646622
632.0 1186006179.8133184909820557 973299889.5022392272949219 -133326452.8769055753946304
633.0 1189190198.3038430213928223 976233565.5462021827697754 -133719114.9881077557802200
634.0 1192376219.1722393035888672 979171425.2695602178573608 -134112570.8623737394809723
635.0 1195564238.2518413066864014 982113468.2674554586410522 -134506821.1078705787658691
636.0 1198754251.3940849304199219 985059694.1347563266754150 -134901866.3319189250469208
637.0 1201946254.4684071540832520 988010102.4660748243331909 -135297707.1409950256347656
638.0 1205140243.3621058464050293 990964692.8557738065719604 -135694344.1407475471496582
639.0 1208336213.9802494049072266 993923464.8979744911193848 -136091777.9360179305076599
640.0 1211534162.2455413341522217 996886418.1865733861923218 -136490009.1308327913284302
641.0 1214734084.0982179641723633 999853552.3152440786361694 -136889038.3284407854080200
642.0 1217935975.4959316253662109 1002824866.8774509429931641 -137288866.1313126087188721
643.0 1221139832.4136357307434082 1005800361.4664589166641235 -137689493.1411449015140533
644.0 1224345650.8434796333312988 1008780035.6753400564193726 -138090919.9588946104049683
645.0 1227553426.7946953773498535 1011763889.0969856977462769 -138493147.1847590506076813
646.0 1230763156.2934885025024414 1014751921.3241106271743774 -138896175.4182222485542297
647.0 1233974835.3829228878021240 1017744131.9492708444595337 -139300005.2580356895923615
648.0 1237188460.1228320598602295 1020740520.5648611783981323 -139704637.3022505342960358
649.0 1240404026.5896871089935303 1023741086.7631318569183350 -140110072.1482096612453461
650.0 1243621530.8765161037445068 1026745830.1361936330795288 -140516310.3925807476043701
651.0 1246840969.0927815437316895 1029754750.2760239839553833 -140923352.6313449144363403
652.0 1250062337.3642838001251221 1032767846.7744842767715454 -141331199.4598167240619659
653.0 1253285631.8330569267272949 1035785119.2233159542083740 -141739851.4726579189300537
654.0 1256510848.6572678089141846 1038806567.2141528129577637 -142149309.2638752758502960
655.0 1259737984.0111136436462402 1041832190.3385349512100220 -142559573.4268388748168945
656.0 1262967034.0847213268280029 1044861988.1879066228866577 -142970644.5543024241924286
657.0 1266197995.0840461254119873 1047895960.3536307811737061 -143382523.2383746802806854
658.0 1269430863.2307770252227783 1050934106.4269939661026001 -143795210.0705750584602356
659.0 1272665634.7622368335723877 1053976425.9992127418518066 -144208705.6418081521987915
660.0 1275902305.9312849044799805 1057022918.6614423990249634 -144623010.5423908233642578
661.0 1279140873.0062167644500732 1060073584.0047827959060669 -145038125.3620526194572449
662.0 1282381332.2706775665283203 1063128421.6202859878540039 -145454050.6899477839469910
663.0 1285623680.0235612392425537 1066187431.0989640951156616 -145870787.1146513819694519
664.0 1288867912.5789096355438232 1069250612.0317946672439575 -146288335.2241986691951752
665.0 1292114026.2658429145812988 1072317964.0097279548645020 -146706695.6060534417629242
666.0 1295362017.4284338951110840 1075389486.6236898899078369 -147125868.8471417725086212
667.0 1298611882.4256451129913330 1078465179.4645950794219971 -147545855.5338502228260040
668.0 1301863617.6312241554260254 1081545042.1233501434326172 -147966656.2520355284214020
669.0 1305117219.4336104393005371 1084629074.1908569335937500 -148388271.5870265960693359
670.0 1308372684.2358558177947998 1087717275.2580223083496094 -148810702.1236526668071747
671.0 1311630008.4555301666259766 1090809644.9157643318176270 -149233948.4462159276008606
672.0 1314889188.5246338844299316 1093906182.7550158500671387 -149658011.1385132670402527
673.0 1318150220.8895061016082764 1097006888.3667314052581787 -150082890.7838740348815918
674.0 1321413102.0107512474060059 1100111761.3418934345245361 -150508587.9651145339012146
675.0 1324677828.3631339073181152 1103220801.2715182304382324 -150935103.2645723223686218
676.0 1327944396.4355115890502930 1106334007.7466585636138916 -151362437.2641105651855469
677.0 1331212802.7307362556457520 1109451380.3584136962890625 -151790590.5451332926750183
678.0 1334483043.7655835151672363 1112572918.6979327201843262 -152219563.6885710656642914
679.0 1337755116.0706570148468018 1115698622.3564176559448242 -152649357.2748922109603882
680.0 1341029016.1903145313262939 1118828490.9251325130462646 -153079971.8841298222541809
681.0 1344304740.6825766563415527 1121962523.9954049587249756 -153511408.0958566069602966
682.0 1347582286.1190564632415771 1125100721.1586353778839111 -153943666.4892052412033081
683.0 1350861649.0848748683929443 1128243082.0062985420227051 -154376747.6428968906402588
684.0 1354142826.1785721778869629 1131389606.1299483776092529 -154810652.1351960599422455
685.0 1357425814.0120451450347900 1134540293.1212246417999268 -155245380.5439573526382446
686.0 1360710609.2104556560516357 1137695142.5718569755554199 -155680933.4466142952442169
687.0 1363997208.4121496677398682 1140854154.0736706256866455 -156117311.4201888740062714
688.0 1367285608.2685930728912354 1144017327.2185888290405273 -156554515.0412949323654175
689.0 1370575805.4442842006683350 1147184661.5986378192901611 -156992544.8861441314220428
690.0 1373867796.6166813373565674 1150356156.8059542179107666 -157431401.5305550396442413
691.0 1377161578.4761283397674561 1153531812.4327862262725830 -157871085.5499459803104401
692.0 1380457147.7257740497589111 1156711628.0714981555938721 -158311597.5193447470664978
693.0 1383754501.0815024375915527 1159895603.3145751953125000 -158752938.0134076476097107
694.0 1387053635.2718572616577148 1163083737.7546293735504150 -159195107.6064017117023468
695.0 1390354547.0379693508148193 1166276030.9844012260437012 -159638106.8722253441810608
696.0 1393657233.1334807872772217 1169472482.5967645645141602 -160081936.3844039738178253
697.0 1396961690.3244743347167969 1172673092.1847307682037354 -160526596.7160975039005280
698.0 1400267915.3894054889678955 1175877859.3414537906646729 -160972088.4401093721389771
699.0 1403575905.1190242767333984 1179086783.6602306365966797 -161418412.1288795769214630
700.0 1406885656.3163068294525146 1182299864.7345099449157715 -161865568.3544926345348358
701.0 1410197165.7963926792144775 1185517102.1578905582427979 -162313557.6886957883834839
702.0 1413510430.3865005970001221 1188738495.5241289138793945 -162762380.7028824090957642
703.0 1416825446.9258754253387451 1191964044.4271411895751953 -163212037.9681000411510468
704.0 1420142212.2657041549682617 1195193748.4610078334808350 -163662530.0550763905048370
705.0 1423460723.2690610885620117 1198427607.2199776172637939 -164113857.5341824293136597
706.0 1426780976.8108322620391846 1201665620.2984664440155029 -164566020.9754830598831177
707.0 1430102969.7776510715484619 1204907787.2910676002502441 -165019020.9486937522888184
708.0 1433426699.0678329467773438 1208154107.7925479412078857 -165472858.0232281088829041
709.0 1436752161.5913059711456299 1211404581.3978588581085205 -165927532.7681627273559570
710.0 1440079354.2695477008819580 1214659207.7021346092224121 -166383045.7522775828838348
711.0 1443408274.0355184078216553 1217917986.3006935119628906 -166839397.5440137684345245
712.0 1446738917.8336017131805420 1221180916.7890465259552002 -167296588.7115306854248047
713.0 1450071282.6195347309112549 1224447998.7628993988037109 -167754619.8226626217365265
714.0 1453405365.3603413105010986 1227719231.8181486129760742 -168213491.4449440836906433
715.0 1456741163.0342788696289062 1230994615.5508964061737061 -168673204.1456253826618195
716.0 1460078672.6307737827301025 1234274149.5574433803558350 -169133758.4916456937789917
717.0 1463417891.1503520011901855 1237557833.4342944622039795 -169595155.0496428608894348
718.0 1466758815.6045775413513184 1240845666.7781636714935303 -170057394.3859828114509583
719.0 1470101443.0160012245178223 1244137649.1859772205352783 -170520477.0667335093021393
720.0 1473445770.4180908203125000 1247433780.2548701763153076 -170984403.6576778590679169
721.0 1476791794.8551726341247559 1250734059.5821974277496338 -171449174.7243234217166901
722.0 1480139513.3823792934417725 1254038486.7655324935913086 -171914790.8318986594676971
723.0 1483488923.0655741691589355 1257347061.4026679992675781 -172381252.5453372299671173
724.0 1486840020.9813075065612793 1260659783.0916225910186768 -172848560.4293218255043030
725.0 1490192804.2167491912841797 1263976651.4306373596191406 -173316715.0482517778873444
726.0 1493547269.8696305751800537 1267297666.0181887149810791 -173785716.9662582874298096
727.0 1496903415.0481982231140137 1270622826.4529767036437988 -174255566.7472090423107147
728.0 1500261236.8711385726928711 1273952132.3339409828186035 -174726264.9547165930271149
729.0 1503620732.4675304889678955 1277285583.2602536678314209 -175197812.1521066725254059
730.0 1506981898.9767999649047852 1280623178.8313283920288086 -175670208.9024683237075806
731.0 1510344733.5486314296722412 1283964918.6468145847320557 -176143455.7686387598514557
732.0 1513709233.3429520130157471 1287310802.3066067695617676 -176617553.3131700754165649
733.0 1517075395.5298459529876709 1290660829.4108474254608154 -177092502.0983998775482178
734.0 1520443217.2895131111145020 1294014999.5599215030670166 -177568302.6863898336887360
735.0 1523812695.8122172355651855 1297373312.3544669151306152 -178044955.6389610171318054
736.0 1527183828.2982184886932373 1300735767.3953683376312256 -178522461.5176922380924225
737.0 1530556611.9577329158782959 1304102364.2837693691253662 -179000820.8839209079742432
738.0 1533931044.0108714103698730 1307473102.6210627555847168 -179480034.2987359464168549
739.0 1537307121.6875913143157959 1310847982.0089063644409180 -179960102.3229914903640747
740.0 1540684842.2276427745819092 1314227002.0492084026336670 -180441025.5172982811927795
741.0 1544064202.8805074691772461 1317610162.3441469669342041 -180922804.4420450925827026
742.0 1547445200.9053635597229004 1320997462.4961555004119873 -181405439.6573747694492340
743.0 1550827833.5710213184356689 1324388902.1079378128051758 -181888931.7232071757316589
744.0 1554212098.1558756828308105 1327784480.7824609279632568 -182373281.1992214024066925
745.0 1557597991.9478590488433838 1331184198.1229643821716309 -182858488.6448792219161987
746.0 1560985512.2443819046020508 1334588053.7329509258270264 -183344554.6194099783897400
747.0 1564374656.3522949218750000 1337996047.2162044048309326 -183831479.6818246841430664
748.0 1567765421.5878231525421143 1341408178.1767752170562744 -184319264.3909124433994293
749.0 1571157805.2765381336212158 1344824446.2189908027648926 -184807909.3052285611629486
750.0 1574551804.7532830238342285 1348244850.9474577903747559 -185297414.9831317067146301
751.0 1577947417.3621568679809570 1351669391.9670584201812744 -185787781.9827351570129395
752.0 1581344640.4564218521118164 1355098068.8829548358917236 -186279010.8619639575481415
753.0 1584743471.3985004425048828 1358530881.3005945682525635 -186771102.1785104572772980
754.0 1588143907.5599038600921631 1361967828.8257036209106445 -187264056.4898580908775330
755.0 1591545946.3211812973022461 1365408911.0642957687377930 -187757874.3532825112342834
756.0 1594949585.0718853473663330 1368854127.6226677894592285 -188252556.3258553743362427
757.0 1598354821.2105216979980469 1372303478.1074070930480957 -188748102.9644249677658081
758.0 1601761652.1444971561431885 1375756962.1253876686096191 -189244514.8256394267082214
759.0 1605170075.2900810241699219 1379214579.2837731838226318 -189741792.4659524261951447
760.0 1608580088.0723490715026855 1382676329.1900260448455811 -190239936.4415958523750305
761.0 1611991687.9251599311828613 1386142211.4518857002258301 -190738947.3086126744747162
762.0 1615404872.2910723686218262 1389612225.6774032115936279 -191238825.6228364109992981
763.0 1618819638.6213498115539551 1393086371.4749140739440918 -191739571.9399057328701019
764.0 1622235984.3758606910705566 1396564648.4530556201934814 -192241186.8152581751346588
765.0 1625653907.0230875015258789 1400047056.2207598686218262 -192743670.8041360974311829
766.0 1629073404.0400443077087402 1403533594.3872597217559814 -193247024.4615902006626129
767.0 1632494472.9122493267059326 1407024262.5620856285095215 -193751248.3424604535102844
768.0 1635917111.1336820125579834 1410519060.3550753593444824 -194256343.0014131665229797
769.0 1639341316.2067308425903320 1414017987.3763630390167236 -194762308.9929057657718658
770.0 1642767085.6421678066253662 1417521043.2363893985748291 -195269146.8712177872657776
771.0 1646194416.9590828418731689 1421028227.5458981990814209 -195776857.1904349029064178
772.0 1649623307.6848609447479248 1424539539.9159414768218994 -196285440.5044448971748352
773.0 1653053755.3551301956176758 1428054979.9578745365142822 -196794897.3669601678848267
774.0 1656485757.5137274265289307 1431574547.2833645343780518 -197305228.3315004706382751
775.0 1659919311.7126488685607910 1435098241.5043852329254150 -197816433.9513989090919495
776.0 1663354415.5120143890380859 1438626062.2332189083099365 -198328514.7798143923282623
777.0 1666791066.4800252914428711 1442158009.0824599266052246 -198841471.3697022199630737
778.0 1670229262.1929180622100830 1445694081.6650149822235107 -199355304.2738599181175232
779.0 1673669000.2349443435668945 1449234279.5941028594970703 -199870014.0448797345161438
780.0 1677110278.1983036994934082 1452778602.4832544326782227 -200385601.2351991236209869
781.0 1680553093.6831138134002686 1456327049.9463200569152832 -200902066.3970571458339691
782.0 1683997444.2973899841308594 1459879621.5974564552307129 -201419410.0825021266937256
783.0 1687443327.6569786071777344 1463436317.0511422157287598 -201937632.8434431552886963
784.0 1690890741.3855276107788086 1466997135.9221751689910889 -202456735.2315900623798370
785.0 1694339683.1144566535949707 1470562077.8256640434265137 -202976717.7984723746776581
786.0 1697790150.4829118251800537 1474131142.3770396709442139 -203497581.0954521894454956
787.0 1701242141.1377208232879639 1477704329.1920540332794189 -204019325.6737202703952789
788.0 1704695652.7333648204803467 1481281637.8867740631103516 -204541952.0842875242233276
789.0 1708150682.9319469928741455 1484863068.0775926113128662 -205065460.8779921829700470
790.0 1711607229.4031286239624023 1488448619.3812193870544434 -205589852.6055222451686859
791.0 1715065289.8241238594055176 1492038291.4146900177001953 -206115127.8173561692237854
792.0 1718524861.8796417713165283 1495632083.7953591346740723 -206641287.0638440549373627
793.0 1721985943.2618594169616699 1499229996.1409087181091309 -207168330.8951320946216583
794.0 1725448531.6703751087188721 1502832028.0693430900573730 -207696259.8612260520458221
795.0 1728912624.8121881484985352 1506438179.1989881992340088 -208225074.5119496285915375
796.0 1732378220.4016478061676025 1510048449.1485013961791992 -208754775.3969580531120300
797.0 1735845316.1604225635528564 1513662837.5368592739105225 -209285363.0657425224781036
798.0 1739313909.8174786567687988 1517281343.9833717346191406 -209816838.0676495730876923
799.0 1742783999.1090164184570312 1520903968.1076717376708984 -210349200.9518230259418488
800.0 1746255581.7784571647644043 1524530709.5297188758850098 -210882452.2672750353813171
801.0 1749728655.5764002799987793 1528161567.8698046207427979 -211416592.5628419816493988
802.0 1753203218.2605922222137451 1531796542.7485449314117432 -211951622.3871999979019165
803.0 1756679267.5958919525146484 1535435633.7868893146514893 -212487542.2888596951961517
804.0 1760156801.3542306423187256 1539078840.6061117649078369 -213024352.8161779940128326
805.0 1763635817.3145828247070312 1542726162.8278222084045410 -213562054.5173437297344208
806.0 1767116313.2629361152648926 1546377600.0739593505859375 -214100647.9403935074806213
807.0 1770598286.9922516345977783 1550033151.9667873382568359 -214640133.6331961452960968
808.0 1774081736.3024287223815918 1553692818.1289122104644775 -215180512.1434772908687592
809.0 1777566659.0002803802490234 1557356598.1832628250122070 -215721784.0187821388244629
810.0 1781053052.8994939327239990 1561024491.7531061172485352 -216263949.8065176010131836
811.0 1784540915.8206050395965576 1564696498.4620382785797119 -216807010.0539255142211914
812.0 1788030245.5909504890441895 1568372617.9339904785156250 -217350965.3080975413322449
813.0 1791521040.0446527004241943 1572052849.7932286262512207 -217895816.1159640848636627
814.0 1795013297.0225846767425537 1575737193.6643495559692383 -218441563.0242969691753387
815.0 1798507014.3723247051239014 1579425649.1722862720489502 -218988206.5797251462936401
816.0 1802002189.9481470584869385 1583118215.9423069953918457 -219535747.3287164866924286
817.0 1805498821.6109631061553955 1586814893.6000146865844727 -220084185.8175787329673767
818.0 1808996907.2283132076263428 1590515681.7713460922241211 -220633522.5924890041351318
819.0 1812496444.6743307113647461 1594220580.0825724601745605 -221183758.1994474530220032
820.0 1815997431.8296990394592285 1597929588.1603047847747803 -221734893.1843111515045166
821.0 1819499866.5816376209259033 1601642705.6314911842346191 -222286928.0927958488464355
