113	448.665709492749
114	445.303241593339
115	441.615233983409
116	437.615365367478
117	433.328390665086
118	428.793434146142
119	424.045390547013
120	419.128796811407
121	414.092364330085
122	408.886880577688
123	403.778079563781
124	398.680883702919
125	393.646672727223
126	388.724994849004
127	383.957766684557
128	379.395706801361
129	375.071294873947
130	371.019586720535
131	367.260719805271
132	363.814995719412
133	360.689858233082
134	357.889524350802
135	355.412554009364
136	353.255810714956
137	351.413317736948
138	349.881794195314
139	348.662552167349
140	347.767948713820
141	347.226684959744
142	347.122039255160
143	347.763226283020
144	343.185175877773
145	339.012094121949
146	336.045214616137
147	333.621893466722
148	331.634898098267
149	330.034443403929
150	328.768638463502
151	327.804399502144
152	327.127670084998
153	326.712834569159
154	326.547474533496
155	326.624737631257
156	326.933527133004
157	327.465505978510
158	328.211924248335
159	329.164057486222
160	330.316266669658
161	331.666184471819
162	333.195005412057
163	334.903944641209
164	336.772257771813
165	338.802048383157
166	341.018839605410
167	343.329076524237
168	345.760642048291
169	348.300000827260
170	350.937454604088
171	353.664205581868
172	356.470496649612
173	359.347452354036
174	362.290803659115
175	365.293846484210
176	368.353309057060
177	371.462794715144
178	374.619849224429
179	377.819762607524
180	381.056324360845
181	384.326786787434
182	387.621360153062
183	390.938757495861
184	394.267658101284
185	397.603425890862
186	400.940231771948
187	404.268087506286
188	407.581667394804
189	410.875512664467
190	414.144020856397
191	417.378069179054
192	420.575854630169
193	423.734605354655
194	426.848934828238
195	429.916587365041
196	432.937130184715
197	435.909750795796
198	438.835387217716
199	441.717995374231
200	444.552597908174
201	447.343865165714
